Frame:1, T_inverse:[1.0371208189805555e-05 -0.9999999998924384 -2.6275981387884304e-11 2.311744715408294e-06 -1.1923619069234138e-07 -6.184479241104786e-13 0.9999999999999858 -7.055026602049943e-08 -0.999999999892424 -1.03711809049613e-05 -1.192092898232925e-07 -0.2999848723171721 0.0 0.0 0.0 1.0]
Frame:2, T_inverse:[-0.017473479080565853 -0.9998473621546722 7.030730458338766e-08 -7.265237490344432e-06 -5.205087337446752e-07 3.3954128416908725e-08 1.000000059604351 -1.727228881823569e-07 -0.9998473621543793 0.01747343251437804 -5.672772960265853e-07 -0.2999848682514586 0.0 0.0 0.0 1.0]
Frame:3, T_inverse:[-0.03492394174552918 -0.99938987674449 7.83503558776494e-08 -8.408823604664645e-06 -1.5586792733835473e-07 1.8330102389653131e-07 0.9999998807907012 -9.298855578487263e-08 -0.9993898767444952 0.03492404232832517 -5.924507688160152e-08 -0.2999848316797415 0.0 0.0 0.0 1.0]
Frame:4, T_inverse:[-0.05234000254408095 -0.9986293750431358 1.1266436019741832e-07 -2.4149440231141937e-06 -1.1943096195959314e-07 9.18522670340515e-08 0.9999999999999715 -5.3652806481803195e-08 -0.9986293750431279 0.05233997646701869 -1.5272614887548573e-07 -0.29998488018997704 0.0 0.0 0.0 1.0]
Frame:5, T_inverse:[-0.0697561864015133 -0.9975640616884306 1.5962201213559723e-07 -1.298327385938616e-06 -7.03306764539319e-08 1.819741137083767e-07 0.9999999999999664 -4.239984231535982e-08 -0.997564061688455 0.06975620875323175 -6.461988085571494e-08 -0.2999848581391799 0.0 0.0 0.0 1.0]
Frame:6, T_inverse:[-0.08717169095423827 -0.9961933157941236 3.567588033487744e-07 -6.2501809641323056e-06 1.2896879791639425e-07 3.525879236548929e-07 0.9999999999998604 -1.3908376529520445e-08 -0.9961933157942361 0.08717169095432094 1.039947654532055e-07 -0.29998488388750966 0.0 0.0 0.0 1.0]
Frame:7, T_inverse:[-0.10452027189322294 -0.9945226982157465 3.962101775962032e-09 9.321690181211698e-07 3.9621017759620325e-09 3.107719239569767e-08 0.9999999999999999 -3.0126211788399e-08 -0.9945226982157466 0.10452030169554297 3.107719239569767e-08 -0.29998489298824543 0.0 0.0 0.0 1.0]
Frame:8, T_inverse:[-0.12186928566057058 -0.9925461796400039 2.6212991481391527e-07 -1.386642968292354e-06 1.504205163843126e-07 2.2862393600761808e-07 0.9999999999999232 1.5961134543686339e-09 -0.9925461796400483 0.12186926330889077 1.023594394206813e-07 -0.29998488873801527 0.0 0.0 0.0 1.0]
Frame:9, T_inverse:[-0.1391839448818585 -0.9902664544573746 1.2398569097892606e-07 -4.5454668138931096e-06 -2.078219993050796e-07 2.288657856803953e-07 0.9999998807906637 -8.49202074788875e-08 -0.9902664544573714 0.13918401938759117 -1.528395621244669e-07 -0.29998478900465997 0.0 0.0 0.0 1.0]
Frame:10, T_inverse:[-0.1563982934023932 -0.987693902886092 -2.1790857652206565e-08 9.934628894167391e-06 -4.59755156061955e-07 1.9716887995442206e-07 0.9999998807905742 -1.665657993617935e-07 -0.9876939028859426 0.1563984424139075 -3.156025140000075e-07 -0.29998487503091026 0.0 0.0 0.0 1.0]
Frame:11, T_inverse:[-0.17367785974934669 -0.9848025579992357 -7.386234633179515e-08 -9.796300017369738e-06 -2.90590237499292e-07 -3.5425964635890905e-08 0.9999999999999115 -1.0931187841996856e-07 -0.9848025579991531 0.17367784484821622 -2.9372010776368144e-07 -0.29998494485625976 0.0 0.0 0.0 1.0]
Frame:12, T_inverse:[-0.1908218405558156 -0.9816246416940216 -1.3865738669483483e-07 -4.474794125226913e-06 -2.4589130910322666e-07 -6.323210651381203e-08 0.9999999999999405 -7.129782256968867e-08 -0.9816246416939829 0.19082187035818188 -1.9331898428748699e-07 -0.29998486083342035 0.0 0.0 0.0 1.0]
Frame:13, T_inverse:[-0.20793074703633815 -0.9781435184311407 1.9478505432803452e-07 -6.200776412245489e-06 8.8690847301671e-08 2.0281081944531045e-07 0.9999999999999546 -2.2799276979673982e-08 -0.9781435184311739 0.2079307768386907 7.179277557617198e-08 -0.299984891928088 0.0 0.0 0.0 1.0]
Frame:14, T_inverse:[-0.22494265131313496 -0.9743718820232268 -2.37582003441722e-07 2.4031584141022172e-06 -4.474793560039992e-07 -2.5949560420179828e-08 0.99999988079057 -1.517220020592592e-07 -0.9743718820231034 0.22494277052251302 -2.8982437725644074e-07 -0.2999849069004281 0.0 0.0 0.0 1.0]
Frame:15, T_inverse:[-0.24191287459975228 -0.9702979444968011 6.55495972099853e-08 2.83096551650871e-06 -1.4203716237871068e-07 1.4238307218477183e-07 0.9999999999999719 -7.290543260841721e-08 -0.9702979444967929 0.24191291930320677 -1.2331333150840913e-07 -0.2999849062168583 0.0 0.0 0.0 1.0]
Frame:16, T_inverse:[-0.25881975945313057 -0.9659256360012531 6.2443080262177485e-09 8.664410384925542e-08 -1.990146062765425e-07 5.5725106132226904e-08 0.9999999999999561 -1.0680028297516184e-07 -0.9659256360012115 0.2588197594531175 -2.1177371245966052e-07 -0.29998488024944076 0.0 0.0 0.0 1.0]
Frame:17, T_inverse:[-0.2756515791536946 -0.9612575057993786 -2.1311231588903015e-07 -4.0239916399693434e-06 -3.1456973583917156e-07 -6.71209651688189e-08 0.9999998807906351 -1.0931903742318465e-07 -0.9612575057993293 0.27565163875840815 -2.017615664615312e-07 -0.29998490071413175 0.0 0.0 0.0 1.0]
Frame:18, T_inverse:[-0.2923585454057001 -0.9563087754166106 7.531609463052452e-08 4.7955330496956444e-06 -1.25245015480044e-07 1.0772372632101815e-07 0.9999999999999704 -8.664416176160155e-08 -0.9563087754165983 0.2923585454056731 -1.6331515830321156e-07 -0.2999848744028656 0.0 0.0 0.0 1.0]
Frame:19, T_inverse:[-0.3090563719413388 -0.9510437265242673 4.436773924640196e-07 -1.1563150625425977e-05 4.731597051654108e-08 4.4397920830552316e-07 0.9999999999997968 -2.8600906261901074e-08 -0.951043726524469 0.3090563421389922 -1.0158926012963023e-07 -0.299984879783391 0.0 0.0 0.0 1.0]
Frame:20, T_inverse:[-0.3255566068873782 -0.9455224356810438 -1.0842882570490055e-07 4.760790817786098e-06 -1.0528810155940655e-08 -1.1855915023429762e-08 0.9999998807907238 -4.421771584264663e-08 -0.9455224356810462 0.3255567260966459 1.253930904483038e-07 -0.2999848960925944 0.0 0.0 0.0 1.0]
Frame:21, T_inverse:[-0.34204505994798806 -0.9396835324005219 -2.526682784788943e-08 -6.840056744471403e-06 -2.5266827847889428e-08 9.19713297184113e-09 1.0000000000000002 -2.2430555956965216e-08 -0.9396835324005218 0.3420450897503104 9.19713297184113e-09 -0.29998490656700216 0.0 0.0 0.0 1.0]
Frame:22, T_inverse:[-0.35837335139860194 -0.933578313783396 5.409297494803844e-08 -3.8908308047161565e-07 -1.3688412291086325e-07 1.5482811677175682e-07 0.9999999999999721 -7.186154847460071e-08 -0.9335783137833874 0.358373381200896 -1.2304701904177418e-07 -0.29998485975248373 0.0 0.0 0.0 1.0]
Frame:23, T_inverse:[-0.37459358447749563 -0.9271891086103647 1.2756854289195487e-07 5.675697088518974e-06 -6.097916735179771e-08 1.639982753032427e-07 0.99999999999997 -5.147353701151367e-08 -0.9271891086103786 0.3745935844774689 -1.155309691512854e-07 -0.29998489743141016 0.0 0.0 0.0 1.0]
Frame:24, T_inverse:[-0.3907426550893036 -0.9204996678619586 -1.3126584150191036e-07 -2.11454417994332e-06 -1.3126584150191042e-07 9.390223035709776e-08 0.9999997615814971 -7.099947930313856e-08 -0.9204996678619587 0.39074283390318004 9.390223035709776e-08 -0.2999848115296484 0.0 0.0 0.0 1.0]
Frame:25, T_inverse:[-0.40672898900559 -0.9135488334940682 -1.1953029171431412e-07 4.158697338738717e-06 -3.949898915252341e-07 5.5774869977895954e-08 0.9999999999998456 -1.2156261897735318e-07 -0.9135488334939161 0.4067289890056167 -3.6839182206125093e-07 -0.29998484864049113 0.0 0.0 0.0 1.0]
Frame:26, T_inverse:[-0.4226140090944966 -0.9063094572271758 -4.023769299321884e-08 3.2414428526988767e-06 -2.2140214035514854e-07 2.4240738526165457e-07 0.9999997615814702 -1.0080751446524739e-07 -0.9063094572271568 0.42261418790834177 -4.1962454044084744e-08 -0.2999848331597525 0.0 0.0 0.0 1.0]
Frame:27, T_inverse:[-0.4383934934119361 -0.8987831268013539 1.0931038132403593e-07 -5.474851860778956e-06 -6.936148631368118e-08 1.7299656537646687e-07 0.9999999999999706 -7.208652531697267e-08 -0.898783126801365 0.4383935232142307 -1.1294611224946763e-07 -0.29998488185774325 0.0 0.0 0.0 1.0]
Frame:28, T_inverse:[-0.45398994436634793 -0.8910067523066502 4.4685378090421906e-07 2.4045204704148407e-06 9.45069544331329e-08 4.7222640138836456e-07 0.9999999999997795 -8.807875572828812e-08 -0.8910067523068708 0.4539899741686615 -1.0275102622348823e-07 -0.29998488920000077 0.0 0.0 0.0 1.0]
Frame:29, T_inverse:[-0.4694896717526822 -0.8829377620278409 -8.14585250277752e-09 -3.875470037171119e-06 -1.818006832564455e-07 1.950091806866466e-07 0.9999998807907018 -8.749036103890601e-08 -0.8829377620278224 0.4694897909619191 -9.400777016510865e-08 -0.2999848361319733 0.0 0.0 0.0 1.0]
Frame:30, T_inverse:[-0.48481460518664227 -0.8746168032571107 5.526772527252476e-08 5.590778992941393e-07 -3.0296407556759676e-08 1.4875110159911406e-07 0.9999998807907187 -2.647322972798651e-08 -0.874616803257119 0.4848146945935902 3.4910626298838792e-09 -0.2999848468015629 0.0 0.0 0.0 1.0]
Frame:31, T_inverse:[-0.5000018664753736 -0.8660243478007861 1.5049848395806357e-07 1.7528994622442135e-06 1.5049848395806357e-07 8.169693998375543e-08 0.9999999999999707 -1.596032881061049e-08 -0.866024347800786 0.5000018664754029 8.169693998375542e-08 -0.29998489996858324 0.0 0.0 0.0 1.0]
Frame:32, T_inverse:[-0.515073263297424 -0.8571461830103846 4.536448165766884e-08 -9.862863557061108e-06 -1.206623128313565e-07 1.2655968535459408e-07 0.9999999999999698 -6.948985036591978e-08 -0.85714618301037 0.5150732632973973 -1.6690572209118704e-07 -0.29998490807038264 0.0 0.0 0.0 1.0]
Frame:33, T_inverse:[-0.5299208587733901 -0.8480470142635639 -2.473580978879731e-07 1.943309483476407e-06 -4.108233849754766e-07 5.349568736135188e-09 0.9999999999998456 -1.0677502764021109e-07 -0.8480470142634434 0.5299208587734902 -2.89550288391489e-07 -0.29998483801037906 0.0 0.0 0.0 1.0]
Frame:34, T_inverse:[-0.5446703512733757 -0.8386502387174006 1.2152783038964632e-07 -8.64041175439389e-06 -3.9352547792086284e-08 1.6564008369949003e-07 0.9999999999999697 -6.387736557791647e-08 -0.8386502387174154 0.5446703512733492 -1.30677890087846e-07 -0.2999849500155534 0.0 0.0 0.0 1.0]
Frame:35, T_inverse:[-0.5592114480126273 -0.8290248470052807 -1.115610874062993e-07 -4.02272691990766e-06 -1.907063819292711e-07 8.659634481760275e-08 0.9999998807907079 -9.145062238549995e-08 -0.829024847005259 0.5592115672218978 -6.225835851796703e-08 -0.29998489141401297 0.0 0.0 0.0 1.0]
Frame:36, T_inverse:[-0.5735965171364439 -0.8191379619464405 -1.1589468083457285e-08 -4.46670419973157e-06 -1.1589468083457283e-08 8.115456537185534e-09 1.0000000000000002 -3.912202061793461e-08 -0.8191379619464407 0.5735965171364441 8.115456537185534e-09 -0.29998495693425714 0.0 0.0 0.0 1.0]
Frame:37, T_inverse:[-0.5878077744051702 -0.8090006931484403 2.5503488523626997e-08 -5.4797418996796845e-06 -2.041014818718561e-07 1.5094519453903117e-07 0.999999999999924 -1.1107515102765343e-07 -0.8090006931483832 0.5878077744051198 -2.9969540826891706e-07 -0.29998491907897884 0.0 0.0 0.0 1.0]
Frame:38, T_inverse:[-0.6018290409412185 -0.7986249972240318 1.4701009602680247e-07 -2.517172666773007e-06 -3.4339258466588147e-09 1.4400685833601653e-07 1.0000000596046177 -5.6213110907995765e-08 -0.7986249972240523 0.6018290409411952 -1.5774377799391656e-07 -0.299984918993263 0.0 0.0 0.0 1.0]
Frame:39, T_inverse:[-0.6156934266455442 -0.7879856192720962 -2.345660772777601e-07 -9.356555127507186e-06 -3.0846682184312227e-07 4.754259563008977e-08 0.9999998807906606 -1.1632147117249127e-07 -0.787985619272053 0.6156934862502426 -1.0398423055707089e-07 -0.29998484897467564 0.0 0.0 0.0 1.0]
Frame:40, T_inverse:[-0.6293411228501641 -0.7771291700211528 1.820298276557827e-07 -5.331936479904471e-06 3.6876399415599624e-08 2.1038070309802775e-07 0.9999999999999563 -5.425253009342048e-08 -0.7771291700211946 0.629341122850151 -9.395023551730626e-08 -0.29998490974259506 0.0 0.0 0.0 1.0]
Frame:41, T_inverse:[-0.6427994569598388 -0.7660344366093529 8.897520880154195e-08 -2.177353098603353e-06 -5.3518641519335315e-08 1.8778115655590758e-07 0.9999999999999711 -8.234865859186731e-08 -0.7660344366093631 0.6427995165644529 -1.1780409036665022e-07 -0.2999849025415726 0.0 0.0 0.0 1.0]
Frame:42, T_inverse:[-0.6560642999140848 -0.7547051126061084 1.0408625690581075e-07 3.5626436935600113e-07 -3.573680597780737e-08 1.2370020331317656e-07 1.0000000596046212 -2.771091341431475e-08 -0.7547051126061147 0.6560642403094057 -1.8311629822182443e-07 -0.29998491305471603 0.0 0.0 0.0 1.0]
Frame:43, T_inverse:[-0.669166873754324 -0.7431120926451704 2.0084782093597867e-07 -1.2353992910165866e-05 -4.85289048929768e-09 2.982163665927599e-07 0.9999999999999227 -9.468915866507903e-08 -0.7431120926452295 0.6691669333589146 -1.638254060893983e-07 -0.29998491297221863 0.0 0.0 0.0 1.0]
Frame:44, T_inverse:[-0.6820442542474504 -0.7313104465857124 -3.282503435632222e-07 -1.656462937120013e-05 -3.9546950038445864e-07 9.767007901553024e-08 0.9999998807906393 -1.3098550039189265e-07 -0.731310446585658 0.6820444330614117 -5.693678059808013e-08 -0.29998483653940455 0.0 0.0 0.0 1.0]
Frame:45, T_inverse:[-0.6946624567525947 -0.7193358592399194 1.4839430751200513e-07 6.032911610468982e-07 1.4839430751200516e-07 7.243035188063063e-08 0.9999999999999728 -2.3052872386604376e-08 -0.7193358592399197 0.6946624567526221 7.243035188063065e-08 -0.299984930219151 0.0 0.0 0.0 1.0]
Frame:46, T_inverse:[-0.7071085516189954 -0.7071046773184433 -3.8810358051204415e-08 1.485717454004975e-06 -2.323564620620998e-07 3.141482705684101e-07 0.9999998807906677 -1.6750839961928073e-07 -0.7071046773183955 0.707108730432829 -1.5311527034860195e-07 -0.29998489246803534 0.0 0.0 0.0 1.0]
Frame:47, T_inverse:[-0.7193484677828336 -0.6946494917587467 -2.5204046387291492e-08 -1.5804556554403973e-06 -1.515100172473847e-07 7.904352190690548e-08 1.000000059604609 -4.090683941500159e-08 -0.6946494917587094 0.7193484677828188 -2.3358031669436911e-07 -0.29998490048793086 0.0 0.0 0.0 1.0]
Frame:48, T_inverse:[-0.7313480792716746 -0.682004430895576 -1.6037058909036438e-07 4.514090478061565e-06 -2.839468771508659e-07 5.0098655561809806e-08 0.9999999999999115 -8.281102551442279e-08 -0.6820044308954932 0.7313480792717072 -2.6361418122977785e-07 -0.29998491433788604 0.0 0.0 0.0 1.0]
Frame:49, T_inverse:[-0.7431473876183241 -0.6691277753003905 2.407593755182573e-07 8.659426985893775e-07 2.407593755182573e-07 8.543258907869e-08 0.9999999999999347 -1.9284988007065092e-08 -0.6691277753003905 0.7431473876183894 8.543258907869e-08 -0.2999849677572961 0.0 0.0 0.0 1.0]
Frame:50, T_inverse:[-0.7547077200860612 -0.6560611951151117 -3.423451881827194e-11 2.829113485572895e-06 -5.9075011455528156e-08 5.2780127115721394e-08 0.9999999999999918 -6.793469785625595e-08 -0.6560611951151055 0.7547077200860555 -1.0513091381980336e-07 -0.29998494777221063 0.0 0.0 0.0 1.0]
Frame:51, T_inverse:[-0.7660367232590153 -0.6427963140310818 -3.37063874009916e-07 5.385092379306045e-06 -2.2174150375979456e-07 -1.0270966979010126e-07 0.9999998807906588 -3.5836727852439235e-08 -0.642796314031164 0.7660369020729129 2.1413026409005308e-07 -0.29998482141989513 0.0 0.0 0.0 1.0]
Frame:52, T_inverse:[-0.7771484762470893 -0.6293172763936722 1.0697207113248488e-07 6.750580706385885e-07 -5.578552027219788e-09 1.9100821020147585e-07 0.9999999999999684 -6.982257223174444e-08 -0.6293172763936918 0.7771484762470646 -1.2682695973408932e-07 -0.29998488866929596 0.0 0.0 0.0 1.0]
Frame:53, T_inverse:[-0.7879908779934601 -0.6156867018812018 -9.88862466053451e-08 1.14247548006737e-05 -9.88862466053451e-08 2.9472571834615726e-08 0.9999998807907213 -4.580730686039407e-08 -0.6156867018812018 0.7879909375981028 2.947257183461573e-08 -0.29998484813575116 0.0 0.0 0.0 1.0]
Frame:54, T_inverse:[-0.7986331171625545 -0.6018182179123603 2.1655943951265068e-07 2.8125341058877398e-06 1.6306554992480737e-07 1.2691060390998304e-07 0.9999999999999553 -4.0017761831038114e-08 -0.6018182179123932 0.7986331171625854 -3.2964700529152316e-08 -0.29998496902044564 0.0 0.0 0.0 1.0]
Frame:55, T_inverse:[-0.8090317419058665 -0.5877650340450488 -1.7681000380624452e-07 -5.950483057495214e-06 -2.2890437508199727e-07 -1.569509578564865e-08 1.0000000596045924 -7.080199613729865e-08 -0.5877650340450112 0.8090317419059098 -1.7603190878408046e-07 -0.299984913621251 0.0 0.0 0.0 1.0]
Frame:56, T_inverse:[-0.8191420293003752 -0.5735907871933513 7.511121380019033e-08 6.773049046504376e-06 -2.6282014295457623e-08 1.6095681758159106e-07 0.9999999999999711 -6.304371347343501e-08 -0.5735907871933592 0.8191420293003473 -1.6061161440682737e-07 -0.29998493560648454 0.0 0.0 0.0 1.0]
Frame:57, T_inverse:[-0.8290554272046873 -0.5591664305499723 2.5962091894822785e-07 -8.289788981956814e-06 1.1175809082082803e-07 2.9088333693589936e-07 0.9999999999998993 -9.298402231079418e-08 -0.5591664305500692 0.8290554272046601 -1.927818117532259e-07 -0.299984932222198 0.0 0.0 0.0 1.0]
Frame:58, T_inverse:[-0.8386891133059755 -0.5446106145444509 -3.857041267992177e-08 -8.92953327108773e-06 -3.857041267992178e-08 -5.1906027686443025e-08 1.000000059604647 -4.576840893668812e-08 -0.544610614544451 0.8386890537013288 -5.190602768644303e-08 -0.2999849682029563 0.0 0.0 0.0 1.0]
Frame:59, T_inverse:[-0.8480511698819805 -0.5299140757659988 1.644381195996587e-07 -5.923848006116941e-07 1.644381195996587e-07 1.1911159247421362e-07 0.9999998807906929 -8.543977349472713e-09 -0.5299140757659989 0.8480512294866525 1.1911159247421362e-07 -0.29998485139825826 0.0 0.0 0.0 1.0]
Frame:60, T_inverse:[-0.8571753890106522 -0.515024589925822 1.7474932730118228e-07 -3.582453958420969e-06 1.7474932730118225e-07 6.402124795447676e-08 0.999999999999966 -2.4587806572602457e-08 -0.515024589925822 0.8571753890106867 6.402124795447676e-08 -0.29998490056959615 0.0 0.0 0.0 1.0]
Frame:61, T_inverse:[-0.866030877081656 -0.49999052587143866 -4.369037355288187e-08 -2.1280101686272514e-06 -8.732311579225288e-08 7.275077546214125e-08 0.9999999999999887 -5.769001427875035e-08 -0.4999905258714276 0.8660308770816533 -9.009238423654648e-08 -0.29998487573698523 0.0 0.0 0.0 1.0]
Frame:62, T_inverse:[-0.8746176929004916 -0.4848130562500932 -2.905738131339921e-07 2.257072213372283e-06 -2.0615133107919879e-07 -1.78071767765015e-07 0.9999999999999143 -4.76881219388098e-08 -0.48481305625017557 0.8746177525051614 1.483630403062819e-07 -0.29998494181227137 0.0 0.0 0.0 1.0]
Frame:63, T_inverse:[-0.8829424942693945 -0.469481291328333 -1.6561039347230873e-07 4.283265536084929e-06 -3.287539250804167e-07 2.2583648946096506e-07 1.000000059604466 -1.6543188406892103e-07 -0.4694812913281547 0.8829424942693523 -4.28481198725982e-07 -0.29998492994182896 0.0 0.0 0.0 1.0]
Frame:64, T_inverse:[-0.8910126343239227 -0.45397867118946084 -1.5195646477989685e-07 -2.913181238954143e-06 -1.5195646477989688e-07 -6.285419749655272e-08 0.9999999999999742 -1.1803663906233464e-08 -0.45397867118946084 0.8910125747192993 -6.285419749655272e-08 -0.2999849276785507 0.0 0.0 0.0 1.0]
Frame:65, T_inverse:[-0.8987926838243782 -0.43837386430421327 1.5153411948847223e-08 1.9105008786563486e-06 -6.069491114824524e-08 1.6411333285050512e-07 0.9999999999999711 -8.405526596779164e-08 -0.4383738643042058 0.8987926838243502 -1.644195610039009e-07 -0.29998494279893334 0.0 0.0 0.0 1.0]
Frame:66, T_inverse:[-0.9063038221724924 -0.4226263241944918 -1.409594571359262e-07 3.5794084821608673e-06 -1.4095945713592624e-07 5.887648132957866e-08 0.9999998807907167 -7.215872708564326e-08 -0.4226263241944918 0.9063039413817738 5.887648132957867e-08 -0.2999849341745636 0.0 0.0 0.0 1.0]
Frame:67, T_inverse:[-0.9135429042104656 -0.40674226818522813 -1.3478181013326824e-07 2.7896462602696174e-06 -1.698336130452239e-07 6.97883102500742e-08 0.9999999999999704 -8.898318909313639e-08 -0.4067422681852026 0.9135429042104818 -9.511493647402476e-08 -0.29998489978696713 0.0 0.0 0.0 1.0]
Frame:68, T_inverse:[-0.9205071457674787 -0.39072559275652874 -5.2408479971851735e-08 -1.0502570913208961e-06 -8.601890376833234e-08 8.710740275964933e-08 0.9999999999999888 -4.349916173725022e-08 -0.39072559275651747 0.920507205372118 -7.809565331987339e-08 -0.2999848794291098 0.0 0.0 0.0 1.0]
Frame:69, T_inverse:[-0.9271871635001427 -0.3745978538377982 6.858026817027679e-08 -2.1280004630573025e-06 -2.7921363223776647e-08 3.6358434311281903e-07 0.999999880790671 -1.1363101449377584e-07 -0.3745978538378194 0.927187282709346 -1.328859460490791e-07 -0.2999848398153384 0.0 0.0 0.0 1.0]
Frame:70, T_inverse:[-0.9335785235814827 -0.35837226541389133 -4.077910697711753e-08 1.9319452725114846e-06 -4.077910697711753e-08 1.0623172332252759e-07 0.9999998807907367 -4.802762286968765e-08 -0.35837226541389133 0.9335786427907435 1.0623172332252758e-07 -0.29998481657279874 0.0 0.0 0.0 1.0]
Frame:71, T_inverse:[-0.9396932142468839 -0.3420185155040667 5.351911834462786e-08 -1.4330959480554568e-07 -5.030381330995608e-09 1.6009378791504204e-07 0.9999999999999711 -1.0215109767602284e-07 -0.3420185155040744 0.9396932142468559 -1.719586068348533e-07 -0.29998493681539345 0.0 0.0 0.0 1.0]
Frame:72, T_inverse:[-0.9455231290507048 -0.3255541535988635 -1.0009902879978742e-07 -4.15743886633457e-06 -1.835701654529444e-07 3.4213438119852516e-07 0.9999998807906584 -1.4278899164780973e-07 -0.32555415359880047 0.9455232482599123 -1.5669208757834076e-07 -0.29998490898916574 0.0 0.0 0.0 1.0]
Frame:73, T_inverse:[-0.9510550483369177 -0.30902161100058184 -1.7617892191597985e-07 1.5804334059859539e-06 -1.7617892191597988e-07 -3.029844924653115e-08 0.999999999999968 -3.009255896835606e-08 -0.3090216110005819 0.9510550483369498 -3.0298449246531155e-08 -0.29998497787882095 0.0 0.0 0.0 1.0]
Frame:74, T_inverse:[-0.9563097639288515 -0.2923551701718009 5.09195350970152e-08 -5.333515338041468e-06 2.6002173730880744e-08 1.0014019196876565e-07 0.9999999999999915 -6.499322457012255e-08 -0.2923551701718078 0.9563098235334889 -6.659563409797305e-08 -0.29998493914512847 0.0 0.0 0.0 1.0]
Frame:75, T_inverse:[-0.9612659015540705 -0.27562243442984014 4.6119308476010966e-08 -4.9588743066713285e-06 2.2657771783595103e-08 1.1496648533614163e-07 0.999999999999992 -8.704383292464586e-08 -0.2756224344298466 0.9612659611587054 -5.1980409633695094e-08 -0.2999849219475754 0.0 0.0 0.0 1.0]
Frame:76, T_inverse:[-0.9659184602668195 -0.2588462613363141 8.762566473035091e-08 8.020222062343461e-06 6.561823877502406e-08 1.2051257216056118e-07 0.9999999999999871 -4.908192053348194e-08 -0.2588462613363277 0.9659185198714595 -4.663222349954266e-08 -0.2999849106336983 0.0 0.0 0.0 1.0]
Frame:77, T_inverse:[-0.970300274868698 -0.24190381605542638 -1.8398257886205484e-08 -6.16447376315073e-06 -8.00304916439053e-08 2.3223606981753717e-07 0.9999999999999336 -9.795404553728287e-08 -0.24190381605540048 0.9703002748686367 -2.697568499350283e-07 -0.29998496328907986 0.0 0.0 0.0 1.0]
Frame:78, T_inverse:[-0.9743747315667765 -0.22493062000391156 -1.4151679053062637e-07 -7.08050321812121e-06 -1.6059967282047875e-07 8.651470599799319e-08 0.9999999999999708 -6.424925377721734e-08 -0.2249306200038863 0.9743747911714344 -8.098918651303814e-08 -0.29998491614539663 0.0 0.0 0.0 1.0]
Frame:79, T_inverse:[-0.9781460439010744 -0.20791922866912071 -1.2460367272997932e-07 1.2703616070106105e-06 -1.5984933113837247e-07 1.3117107143925805e-07 0.9999999999999508 -8.493768897999197e-08 -0.20791922866907173 0.9781460439010675 -2.0415651270250474e-07 -0.29998493462019354 0.0 0.0 0.0 1.0]
Frame:80, T_inverse:[-0.9816270695401148 -0.19080838006891188 1.9863230556399408e-07 -1.421796593274634e-06 1.986323055639941e-07 1.3243294726295542e-07 0.9999998807906929 -8.034431748389208e-08 -0.19080838006891188 0.9816271887494208 1.3243294726295545e-07 -0.299984883789333 0.0 0.0 0.0 1.0]
Frame:81, T_inverse:[-0.9848052835606286 -0.17366165758999336 2.222922473667631e-07 2.665300392877305e-06 1.929032215456551e-07 2.2977366645094966e-07 0.9999999999999284 -7.585863468943524e-08 -0.1736616575900649 0.9848053431652845 -1.0611786383539346e-07 -0.2999849194351255 0.0 0.0 0.0 1.0]
Frame:82, T_inverse:[-0.9876860979506061 -0.15644747717866225 7.644270044706414e-08 2.19695692365512e-06 7.644270044706414e-08 8.810934858363825e-08 0.9999998807907244 -4.415201499820464e-08 -0.15644747717866223 0.9876862171598804 8.810934858363825e-08 -0.2999848909476468 0.0 0.0 0.0 1.0]
Frame:83, T_inverse:[-0.9902596026678421 -0.13923294865786945 8.120641897572074e-08 1.6095964219127547e-05 5.767613125225752e-08 2.027390492602411e-07 0.9999999999999674 -7.126460985045812e-08 -0.13923294865789365 0.9902596026678196 -1.3361367435504546e-07 -0.29998486804849933 0.0 0.0 0.0 1.0]
Frame:84, T_inverse:[-0.9925444884450623 -0.12188270900456939 -2.755173805459843e-07 1.8150768548588799e-06 -2.9610367113233306e-07 1.6596901783997166e-07 0.9999999999998904 -1.2526840490426505e-07 -0.12188270900447316 0.9925444884451157 -1.7057672832979646e-07 -0.29998496219373705 0.0 0.0 0.0 1.0]
Frame:85, T_inverse:[-0.994521467856608 -0.1045329526516171 -2.466295133420091e-07 -1.1373426412494494e-06 -2.5545308956762866e-07 5.6736579316578295e-08 0.9999999999999295 -8.002903517745801e-08 -0.10453295265157461 0.9945214082520182 -1.1161974638777733e-07 -0.2999849385180059 0.0 0.0 0.0 1.0]
Frame:86, T_inverse:[-0.9961921142836255 -0.0871819428679811 3.104785997227551e-09 5.089781847191108e-06 -1.1607001135674276e-08 3.075602674520823e-07 0.9999998807907157 -1.4338337025120615e-07 -0.0871819428679817 0.9961922930974789 -2.9293355330431686e-08 -0.29998488963181086 0.0 0.0 0.0 1.0]
Frame:87, T_inverse:[-0.9975636861687417 -0.06976229551231071 2.4077592298130423e-08 -1.3159352209451734e-06 1.2309378219805713e-08 1.3474556195149117e-07 1.0000000596046208 -7.355163349605475e-08 -0.06976229551231644 0.9975636861687148 -2.0222382280361392e-07 -0.2999849154709275 0.0 0.0 0.0 1.0]
Frame:88, T_inverse:[-0.9986256839184929 -0.052410977011189026 -8.000787006957648e-08 1.9204338772219127e-05 -8.88467372048572e-08 1.1917446601125796e-07 1.0000000596046148 -5.3718459385220264e-08 -0.05241097701116013 0.9986256243138228 -2.1788446919665342e-07 -0.2999848702282712 0.0 0.0 0.0 1.0]
Frame:89, T_inverse:[-0.9993897424679491 -0.0349242052739859 8.166824556334364e-08 3.826647437926266e-06 7.872390577589033e-08 2.0264180790073752e-07 0.9999998807907244 -8.458408270613978e-08 -0.03492420527399977 0.9993898616772133 3.408015083359151e-08 -0.2999848725228746 0.0 0.0 0.0 1.0]
Frame:90, T_inverse:[-0.9998473932738994 -0.017470859703535985 -3.5238954205528376e-08 1.684196898914905e-06 -3.965717284141874e-08 2.4753365276589403e-07 0.9999999999999347 -7.304740316019113e-08 -0.01747085970351702 0.9998473932738369 -2.582092468913052e-07 -0.2999848882937224 0.0 0.0 0.0 1.0]
Frame:91, T_inverse:[-0.9999997589001404 -5.178162562793575e-05 1.9633578083969536e-08 1.1421991113499727e-05 1.9633578083969533e-08 1.3502966958754785e-07 0.9999998807907424 -9.287027592178005e-08 -5.178162562793574e-05 0.9999998781094055 1.3502966958754785e-07 -0.2999848955933776 0.0 0.0 0.0 1.0]
Frame:92, T_inverse:[-0.9998480753178001 0.017435958956995422 1.9509629333967648e-07 5.624407304845097e-07 1.9803588171815123e-07 1.1010075851624572e-07 1.0000000596045842 -5.140857615220801e-08 0.017435958956928975 0.9998480157131614 -2.2706123713995958e-07 -0.29998495734661773 0.0 0.0 0.0 1.0]
Frame:93, T_inverse:[-0.9993911864510099 0.03488903451816864 -2.1451781835582506e-07 -1.553115119746449e-06 -2.1157644838837456e-07 9.627645693270711e-08 0.9999999999999475 -3.366424270310228e-08 0.03488903451820458 0.9993911864510485 -7.228527566114357e-08 -0.29998494011619925 0.0 0.0 0.0 1.0]
Frame:94, T_inverse:[-0.9986328149178119 0.05227415028581796 -1.3234136949192997e-08 1.3673675923048348e-05 -8.826248875165825e-09 7.504422660739176e-08 0.999999999999993 -8.42647870405461e-08 0.052274150285819776 0.9986327553131586 -9.348552962623272e-08 -0.29998496455737955 0.0 0.0 0.0 1.0]
Frame:95, T_inverse:[-0.9975683857641098 0.06969371139344177 5.3179135515057365e-08 1.3721109922022468e-05 5.905744949448451e-08 9.425392639650252e-08 0.9999999999999899 -3.8663528395166906e-08 0.06969371139343239 0.9975684453687482 -7.423095626190566e-08 -0.299984927699544 0.0 0.0 0.0 1.0]
Frame:96, T_inverse:[-0.9961985283181128 0.08711260051354097 -1.6279587926250343e-07 7.63412303372908e-06 -1.4809581581333276e-07 1.429675516179028e-07 1.000000059604597 -7.258153619635528e-08 0.08711260051359296 0.9961985283181093 -1.9388667299709777e-07 -0.2999849736057918 0.0 0.0 0.0 1.0]
Frame:97, T_inverse:[-0.9945179029243989 0.10456492157095934 1.4041739699020475e-08 -1.667538085977242e-05 3.169427407571946e-08 2.3491057318575614e-07 0.9999998807907003 -1.2514158268371228e-07 0.10456492157095282 0.9945180221336412 -1.0180175576166858e-07 -0.29998494155976274 0.0 0.0 0.0 1.0]
Frame:98, T_inverse:[-0.9925446826828437 0.12188119098014846 1.2179362514971633e-07 -9.584507802694691e-06 1.3208664081143628e-07 8.240603942673341e-08 0.9999999999999769 -5.9025304418801106e-08 0.12188119098012709 0.9925446826828527 -8.586684218198355e-08 -0.29998494495561717 0.0 0.0 0.0 1.0]
Frame:99, T_inverse:[-0.9902645472874573 0.1391979836540325 -2.83027905273346e-07 -1.3728625059337783e-05 -2.712657370730314e-07 1.1349800689078475e-07 0.9999999999999154 -4.4160506930150274e-08 0.13919798365407945 0.9902645472875279 -5.467856672951954e-08 -0.2999848944879525 0.0 0.0 0.0 1.0]
Frame:100, T_inverse:[-0.987691481031083 0.1564129705382858 8.882190356996146e-08 -6.698154794481922e-11 1.2849805616450013e-07 3.6741537536790897e-07 0.999999880790666 -1.8049359337323727e-07 0.15641297053823558 0.9876916002402856 -1.3678804910846658e-07 -0.29998494331108494 0.0 0.0 0.0 1.0]
Frame:101, T_inverse:[-0.9848055744166176 0.1736598129729437 -3.338822838203856e-08 -1.0274315486058802e-05 -3.3388228382038555e-08 5.243310304777716e-08 1.000000000000001 -3.173806665774813e-08 0.1736598129729437 0.984805634021255 5.243310304777716e-08 -0.29998492131672894 0.0 0.0 0.0 1.0]
Frame:102, T_inverse:[-0.9816275930096635 0.19080707284079915 -2.402264394288305e-07 -6.334216466018436e-06 -2.0790999181447317e-07 1.6938749387389516e-07 0.9999999999999223 -7.79849192789019e-08 0.19080707284087442 0.9816275930096855 -1.6623504756390183e-07 -0.2999849488425854 0.0 0.0 0.0 1.0]
Frame:103, T_inverse:[-0.9781600613503953 0.2078527187870076 -1.820472357144636e-07 1.0899543915123446e-05 -1.996643662247403e-07 -2.4107657478068932e-08 0.999999999999956 -2.0742980247682866e-08 0.20785271878697453 0.978160120955068 1.4355672902421624e-07 -0.29998490682012324 0.0 0.0 0.0 1.0]
Frame:104, T_inverse:[-0.9743748294729762 0.22492973934285207 -3.3101664976530666e-08 -8.311069306875358e-07 -5.2184463628373144e-08 1.0782527320557817e-08 0.9999998807907227 -5.295531575119443e-08 0.22492973934284313 0.9743748890776098 1.7828639401054798e-07 -0.29998492495216517 0.0 0.0 0.0 1.0]
Frame:105, T_inverse:[-0.9702997445504413 0.2419058292801345 8.143359161593409e-08 -2.7362588812430173e-06 1.2252208452339683e-07 1.4404596120285728e-07 0.9999999999999608 -9.226894123412675e-08 0.2419058292800994 0.9702997445504239 -1.9061592132826986e-07 -0.2999848881250641 0.0 0.0 0.0 1.0]
Frame:106, T_inverse:[-0.9659371442354331 0.2587768155221055 -2.421784223003762e-07 5.0804975074780835e-06 -1.981756004395743e-07 1.930421608598011e-07 0.9999999999999225 -8.84550805644156e-08 0.2587768155221803 0.965937144235454 -1.4124901598150827e-07 -0.29998492862382314 0.0 0.0 0.0 1.0]
Frame:107, T_inverse:[-0.961277366789923 0.2755827012846634 -1.1807405196759323e-07 8.829187989100123e-06 -4.7699788366264037e-08 2.6419687210951414e-07 0.999999999999929 -1.4286751740135846e-07 0.27558270128470586 0.9612773667898663 -2.366452884931268e-07 -0.29998495877942283 0.0 0.0 0.0 1.0]
Frame:108, T_inverse:[-0.9563118377567551 0.29234856850712077 -1.327636223646374e-07 -1.27576838734445e-06 -1.576804083436847e-07 -5.936789275883641e-08 0.9999999999999711 -1.966903183690283e-09 0.292348568507096 0.9563118377567698 1.0736801741754605e-07 -0.2999849318364894 0.0 0.0 0.0 1.0]
Frame:109, T_inverse:[-0.951057188061385 0.3090149139499356 -5.574391242702709e-08 -8.081301022202908e-06 -2.9371218531380215e-08 8.698803067886964e-08 0.9999999999999911 -5.099981328306097e-08 0.3090149139499428 0.9510571880613798 -7.952380141753449e-08 -0.2999848962529226 0.0 0.0 0.0 1.0]
Frame:110, T_inverse:[-0.9455232221320009 0.3255548750272091 3.895755262296036e-08 -4.730115724994688e-06 1.502526580006797e-07 2.8810111156750985e-07 0.9999999999998769 -1.6826090654379235e-07 0.3255548750271412 0.9455231625272486 -3.770009470921297e-07 -0.2999849567081687 0.0 0.0 0.0 1.0]
Frame:111, T_inverse:[-0.939696199211677 0.3420103215878637 5.0673110274596e-08 -6.125519165253906e-06 1.0922116061510263e-07 1.4296519794636557e-07 0.9999999999999648 -8.787484914882908e-08 0.34201032158783584 0.9396961992116554 -1.890874540571418e-07 -0.2999849070233026 0.0 0.0 0.0 1.0]
Frame:112, T_inverse:[-0.9336036098785258 0.3583074973765214 -2.9708583254196206e-08 9.963262591075651e-06 1.0086615310198904e-09 1.0332182547071607e-07 0.9999999999999929 -7.73749041212003e-08 0.3583074973765244 0.9336036098785193 -6.244355016150407e-08 -0.29998489416204654 0.0 0.0 0.0 1.0]
Frame:113, T_inverse:[-0.9272005612932629 0.37456516225615977 -9.590879071176517e-08 3.631180250167959e-06 3.274839023151134e-08 3.63262776209229e-07 0.9999999999998856 -1.3424550512368325e-07 0.37456516225618486 0.9272005612931514 -2.986999614332156e-07 -0.29998481721311876 0.0 0.0 0.0 1.0]
Frame:114, T_inverse:[-0.9205115845729154 0.3907146897302632 -5.630578088258315e-08 -4.7627752039712735e-06 -5.630578088258315e-08 1.316097338861974e-07 0.999999880790732 -5.517030575867022e-08 0.3907146897302632 0.9205117037821843 1.3160973388619743e-07 -0.2999847949901285 0.0 0.0 0.0 1.0]
Frame:115, T_inverse:[-0.9135722523712665 0.4066759215917697 -1.5038753748195854e-07 9.602854120047364e-06 -4.525010451021483e-08 3.824196219407117e-07 0.9999998807906579 -1.4998102225605287e-07 0.4066759215918323 0.913572371580481 -1.1229385642632229e-07 -0.2999849169643818 0.0 0.0 0.0 1.0]
Frame:116, T_inverse:[-0.906327076012015 0.4225769672615004 1.4408121431566206e-07 3.039369312769913e-06 1.8056644689955432e-07 4.0946009837444125e-08 0.9999999999999649 -6.833844365419566e-08 0.42257696726147215 0.9063270164073909 -1.236460159780714e-07 -0.2999848772025245 0.0 0.0 0.0 1.0]
Frame:117, T_inverse:[-0.8988166514109395 0.43832451631170893 -2.196320884975179e-07 4.602869149469947e-06 -1.817124408523692e-07 1.8593854024956919e-07 0.999999999999948 -7.87472464087741e-08 0.43832451631174585 0.8988167110156169 2.1671050987048286e-08 -0.29998485699563865 0.0 0.0 0.0 1.0]
Frame:118, T_inverse:[-0.891034090107725 0.4539363497981726 -1.1216954968224164e-07 7.071387538176536e-06 -3.346761944481155e-08 2.0156003053729737e-07 0.9999999999999657 -6.887058593311599e-08 0.4539363497981994 0.8910340901077035 -1.2630097899849362e-07 -0.29998486556166853 0.0 0.0 0.0 1.0]
Frame:119, T_inverse:[-0.8829759789692601 0.4694182803527933 1.750582041083891e-07 6.616126980285468e-06 2.1583824309211048e-07 1.3833961500214813e-08 0.9999999999999508 -7.255300048862844e-08 0.46941828035275873 0.8829759193646479 -1.497468979391267e-07 -0.2999849266691936 0.0 0.0 0.0 1.0]
Frame:120, T_inverse:[-0.8746419214252449 0.4847696270338023 -2.3143050585753945e-07 2.056660434236304e-06 -1.0480896805960765e-07 2.781917680307843e-07 0.9999999999999067 -1.2336693980507206e-07 0.4847696270338889 0.8746418618205637 -2.1146358903865163e-07 -0.2999849344307044 0.0 0.0 0.0 1.0]
Frame:121, T_inverse:[-0.86604096016545 0.49997300321248905 -2.3948949979182664e-07 -2.5033917605902187e-06 -2.8312057669836314e-07 -4.777716243065245e-09 0.9999999999999187 2.1581803091063127e-08 0.49997300321244315 0.866040960165517 1.580658793822263e-07 -0.29998488626896025 0.0 0.0 0.0 1.0]
Frame:122, T_inverse:[-0.8571867263100617 0.5150056669032238 -1.9302755143344167e-07 -8.834143777267897e-07 -1.930275514334417e-07 7.302895458522174e-08 0.999999999999958 -1.638121340878303e-08 0.5150056669032237 0.8571867263101043 7.302895458522175e-08 -0.29998490856817944 0.0 0.0 0.0 1.0]
Frame:123, T_inverse:[-0.8480684179277294 0.5298862022204515 4.7706945354476814e-08 -7.292204880197784e-07 1.4063860096482344e-07 2.7454917204309115e-07 0.9999998807907106 -1.3044221411756003e-07 0.5298862022204315 0.8480685967415819 -4.9565801434874035e-08 -0.2999848622956884 0.0 0.0 0.0 1.0]
Frame:124, T_inverse:[-0.8386861272272509 0.5446149649809502 -3.0657010490433354e-07 -4.10591907979365e-06 -6.717465537839586e-08 4.873465712284864e-07 0.9999999999997821 -1.7451098097343456e-07 0.544614964981121 0.838686127227115 -3.208814107310897e-07 -0.2999849322006079 0.0 0.0 0.0 1.0]
Frame:125, T_inverse:[-0.829071857443858 0.5591419385253208 -7.7484853411018e-09 5.378824311255927e-06 -7.748485341101797e-09 6.059562590118059e-08 1.0000000000000024 -7.346685180607754e-08 0.5591419385253208 0.8290719170485008 6.059562590118059e-08 -0.29998495691494304 0.0 0.0 0.0 1.0]
Frame:126, T_inverse:[-0.8191779953970394 0.573539383404266 -1.3444184009307772e-09 3.4860089836998003e-07 -1.344418400930777e-09 -1.9202133323651642e-09 1.0 -4.2917589691993994e-08 0.5735393834042659 0.8191779953970393 -1.9202133323651642e-09 -0.2999849059386354 0.0 0.0 0.0 1.0]
Frame:127, T_inverse:[-0.8090325617157184 0.5877635984887508 -1.9259188245035744e-08 -5.585744461004701e-06 8.492926514745915e-08 2.055329181367293e-07 0.9999999999999741 -1.2506132487621828e-07 0.5877635984887449 0.8090326213203247 -1.1514073564145189e-07 -0.29998490190391974 0.0 0.0 0.0 1.0]
Frame:128, T_inverse:[-0.7986573690683924 0.6017860259894461 -2.8374386797582804e-07 -2.860090283459408e-06 -2.302532118651837e-07 1.705773116432338e-07 0.9999999999999185 -4.4266350582126946e-08 0.6017860259894919 0.7986573690684595 1.0700928004256208e-08 -0.29998490763604185 0.0 0.0 0.0 1.0]
Frame:129, T_inverse:[-0.7880017586094404 0.6156726867075148 -2.3058359496399526e-07 -1.838735894193645e-05 -6.59201535374831e-08 4.0535232010725286e-07 0.9999998807906347 -1.3633325333051194e-07 0.6156726867076132 0.7880018182140516 -7.285394588425136e-08 -0.2999848963029886 0.0 0.0 0.0 1.0]
Frame:130, T_inverse:[-0.7771729965001494 0.6292868595209433 -9.691102763835904e-08 -1.5056839412675704e-06 -4.0638824862395896e-08 1.523579650152246e-07 0.9999999999999869 -9.954816428813886e-08 0.6292868595209583 0.777173056104789 -6.560717475014501e-09 -0.29998491452290277 0.0 0.0 0.0 1.0]
Frame:131, T_inverse:[-0.7660568126716512 0.6427727840806718 -1.417603864678374e-07 -8.805120915702765e-06 -1.4176038646783746e-07 7.751473488998043e-08 0.9999999999999749 -2.189840058958089e-08 0.642772784080672 0.7660568126716771 7.751473488998045e-08 -0.29998488178329025 0.0 0.0 0.0 1.0]
Frame:132, T_inverse:[-0.7547266256264564 0.656039397054561 -2.6739651798759615e-07 -7.029128903939423e-06 -2.0835801366257692e-07 1.663523987368984e-07 0.9999999999999285 -2.5964788791996568e-08 0.6560393970546037 0.7547266256265136 8.440520023715017e-09 -0.2999849184160879 0.0 0.0 0.0 1.0]
Frame:133, T_inverse:[-0.7431676755661729 0.6691052648832576 -3.354685763528733e-08 -4.891394370876429e-06 2.6866777308430134e-08 7.498571775529835e-08 0.999999999999993 -1.0780522156463446e-07 0.669105264883258 0.7431676755661658 -8.240520767662176e-08 -0.29998495306664147 0.0 0.0 0.0 1.0]
Frame:134, T_inverse:[-0.7313684786286345 0.681982569573258 -3.0961885409411824e-07 -8.819259482890513e-06 -1.8604729069665595e-07 2.3608038267022537e-07 0.9999999999999045 -3.931189875275846e-08 0.6819825695733455 0.7313684786286738 -7.763430883926331e-08 -0.29998488565657405 0.0 0.0 0.0 1.0]
Frame:135, T_inverse:[-0.7194030826732619 0.6945928282863252 -1.0160340863404161e-07 1.1689257936222092e-05 2.4690242665425304e-08 1.7274532524877148e-07 0.9999999999999699 -7.456727458574128e-08 0.6945928282863393 0.7194030826732352 -1.3988344919212668e-07 -0.29998487261709644 0.0 0.0 0.0 1.0]
