rms = 3.425106
fx = 1738.774380
fy = 1738.774380
cx = 868.000000
cy = 1156.000000
k1 = -0.034144
k2 = -0.036840
p1 = 0.008580
p2 = -0.009460

hfov = 53.1deg
vfov = 67.2deg