rms = 4.170925
fx = 1867.146560
fy = 1867.146560
cx = 1156.000000
cy = 868.000000
k1 = -0.033616
k2 = -0.053406
p1 = -0.004729
p2 = 0.012940

hfov = 63.5deg
vfov = 49.9deg