Frame:1, T_inverse:[0.3034204280694851 -0.9528567913171008 -2.9163835812068504e-05 0.02545680436725573 -1.765394480197067e-05 2.500161182660904e-05 -0.9999999990638214 -0.0167641114884361 0.9528567918834 0.30342039901263923 -9.224212913651575e-06 -0.31461423953141593 0.0 0.0 0.0 1.0]
Frame:2, T_inverse:[0.3502101874782574 -0.9366710515818771 -0.00038779438723750146 0.027021003281910785 -0.00013560139873391598 0.00036334240661509723 -0.9999999092096394 -0.016772510422281547 0.9366711329134229 0.35021018036787777 2.5099582054908957e-07 -0.31580645567882276 0.0 0.0 0.0 1.0]
Frame:3, T_inverse:[0.39868552246890565 -0.9170872807542139 -0.0007692030360866856 0.027641817199371466 -0.000278661142713006 0.0007177245764157825 -0.9999995861166824 -0.016782984522886454 0.9170876029563095 0.3986855061922212 3.0662851064827294e-05 -0.31723600232155325 0.0 0.0 0.0 1.0]
Frame:4, T_inverse:[0.44614904851639836 -0.8949579234118824 -0.0011495557828005683 0.02815932869938391 -0.00044047996975983935 0.0010649153990771245 -0.999999327604307 -0.01679369627011834 0.8949585871855845 0.44614923028998327 8.091183334988609e-05 -0.318697456045501 0.0 0.0 0.0 1.0]
Frame:5, T_inverse:[0.49236561597708295 -0.8703871465120604 -0.0015271594636145712 0.028608116509327517 -0.0006204303066755392 0.001403623759013746 -0.9999987774177431 -0.01680461207237414 0.8703882513242228 0.4923659639678381 0.00015109142429971085 -0.3201835284213794 0.0 0.0 0.0 1.0]
Frame:6, T_inverse:[0.5372472469433303 -0.8434225947127436 -0.0018998168443967631 0.02897321331015388 -0.0008177541093886166 0.0017317778982680542 -0.9999980014031208 -0.016815587662851024 0.8434242935200987 0.5372476087257971 0.0002407590698409329 -0.3216912307240286 0.0 0.0 0.0 1.0]
Frame:7, T_inverse:[0.5806460724704687 -0.8141528619230484 -0.0022694861015874145 0.029262790690928808 -0.001032844823843365 0.002051047203965242 -0.9999972300397948 -0.016826875970325065 0.8141553749494264 0.5806467447703241 0.00035009187675004536 -0.3232159125638087 0.0 0.0 0.0 1.0]
Frame:8, T_inverse:[0.6224641582360207 -0.7826438396796267 -0.0026305673213174573 0.029467841792950946 -0.00126324273475264 0.0023564910888113524 -0.9999963679691792 -0.016838067116497137 0.7826472452064992 0.6224652219459008 0.0004781902049962902 -0.32475394626542925 0.0 0.0 0.0 1.0]
Frame:9, T_inverse:[0.662571895241622 -0.7489923455967218 -0.0029855777611729347 0.029593770112960337 -0.0015097270545341576 0.0026505780800094958 -0.999995344304889 -0.016849489415925442 0.7489967926020128 0.6625733144062453 0.0006254251038547891 -0.32630065361377963 0.0 0.0 0.0 1.0]
Frame:10, T_inverse:[0.7008626574174859 -0.713288458535474 -0.003331462297978998 0.029638932562358063 -0.0017704937964117032 0.002930912141577586 -0.9999941163744237 -0.01686101072118507 0.7132940209481861 0.7008643887846445 0.0007913005993473586 -0.32785175944585987 0.0 0.0 0.0 1.0]
Frame:11, T_inverse:[0.737231520821709 -0.675630178250009 -0.0036688122350596354 0.02960319428563258 -0.0020466785450039536 0.003197031487794923 -0.9999926237226687 -0.016872237390877967 0.6756369873340473 0.7372335906075427 0.0009741938691433234 -0.3294031716441099 0.0 0.0 0.0 1.0]
Frame:12, T_inverse:[0.7715842399831279 -0.6361145229946594 -0.00399545227755878 0.029483910762760208 -0.002335696435338533 0.0034480153631790433 -0.999991179461244 -0.01688350930636799 0.6361227581489743 0.7715867203669855 0.0011747002400368037 -0.33095092289358174 0.0 0.0 0.0 1.0]
Frame:13, T_inverse:[0.8038124869586043 -0.5948671082022573 -0.0043121480192313735 0.02928891791281357 -0.0026377370459910055 0.003684617045872846 -0.9999897178327269 -0.01689496481652562 0.5948768951683081 0.8038156305240963 0.0013926380525049365 -0.33248946408873276 0.0 0.0 0.0 1.0]
Frame:14, T_inverse:[0.8338504014144075 -0.5519711231804384 -0.004616394802368985 0.029006215695599993 -0.002951691460313598 0.003904448551537472 -0.9999879042756938 -0.01690615295550197 0.5519825046297124 0.833853921956091 0.0016264992271733177 -0.33401602363077165 0.0 0.0 0.0 1.0]
Frame:15, T_inverse:[0.8615897242562458 -0.5075815500897762 -0.004908249951276709 0.028651821699301392 -0.003277144194934767 0.004107105294313406 -0.9999861011614378 -0.016917025375625037 0.5075946817753461 0.8615938160200319 0.0018752386110845603 -0.3355254911938859 0.0 0.0 0.0 1.0]
Frame:16, T_inverse:[0.8869711053619869 -0.46179573355449194 -0.005186637841713179 0.028216789685616542 -0.0036123582987490884 0.004293181271769329 -0.9999840763653531 -0.01692803175403695 0.4618107400371086 0.8869757078092657 0.0021397737689679893 -0.33701439135229916 0.0 0.0 0.0 1.0]
Frame:17, T_inverse:[0.9099228631602113 -0.4147416504465225 -0.005450568319206385 0.027703448794988556 -0.0039568100948218715 0.004460871989154221 -0.9999821466825805 -0.0169386720687673 0.4147585750928146 0.9099282196994912 0.0024180021906259567 -0.3384786586776963 0.0 0.0 0.0 1.0]
Frame:18, T_inverse:[0.9303803857112819 -0.3665512840760389 -0.005698995131210715 0.027114419120255924 -0.004308842057757618 0.004610573361723785 -0.9999800840072259 -0.016949266072649287 0.36657025372121754 0.930386426376779 0.0027101739177077954 -0.3399141316470982 0.0 0.0 0.0 1.0]
Frame:19, T_inverse:[0.9482872763210173 -0.31735795390861143 -0.005932604329384828 0.02645166685857008 -0.004669204311650914 0.0047414391512201485 -0.9999778301579388 -0.016959454241360975 0.3173790584445785 0.9482939489093175 0.0030144384953447244 -0.3413166708541336 0.0 0.0 0.0 1.0]
Frame:20, T_inverse:[0.9635969158807538 -0.26728849897627827 -0.006149538019860709 0.025714187455139273 -0.005035487493367913 0.004853231806739266 -0.9999755273434263 -0.016969398075670036 0.2673118106225168 0.9636043266772939 0.0033306323579553824 -0.34268293132064875 0.0 0.0 0.0 1.0]
Frame:21, T_inverse:[0.9762630624397924 -0.2164950934099091 -0.006350258196391332 0.02490926108310315 -0.005407615224470087 0.0049462043188486845 -0.9999731737143678 -0.01697918874305865 0.21652068503050267 0.976271202598004 0.0036580738896518465 -0.34400860489798685 0.0 0.0 0.0 1.0]
Frame:22, T_inverse:[0.9862527945815095 -0.16511435600985547 -0.006533490316186388 0.024038179714536225 -0.0057840585412513535 0.005019245363304114 -0.9999707360442662 -0.016988551050163673 0.16514230398385088 0.9862617104892402 0.0039952131702564305 -0.3452901814213129 0.0 0.0 0.0 1.0]
Frame:23, T_inverse:[0.9935420572823949 -0.11326645429801264 -0.0066986096228351345 0.023096046932087125 -0.006163648587908412 0.005072635053390183 -0.9999680461092223 -0.016997614903603218 0.1132968272825872 0.9935516058347849 0.004341742117060812 -0.34652400636731223 0.0 0.0 0.0 1.0]
Frame:24, T_inverse:[0.9981078859754042 -0.061104576808532526 -0.006844998643276674 0.022089376301177233 -0.006545166548462037 0.0051057568257209494 -0.9999654827611791 -0.01700620197536553 0.061137421812759545 0.998118220139887 0.004696156405183115 -0.34770714700211686 0.0 0.0 0.0 1.0]
Frame:25, T_inverse:[0.9999369628707591 -0.008801730771833162 -0.006973119126795339 0.02103132576785344 -0.006928243420005668 0.005118827207337269 -0.9999628101550178 -0.0170143816092964 0.008837098136826909 0.9999480612780568 0.0050575240379547816 -0.34883561338316266 0.0 0.0 0.0 1.0]
Frame:26, T_inverse:[0.9990260392558075 0.043552926466035057 -0.0070819610727770295 0.019906066690022383 -0.007311432610594991 0.005111844626595945 -0.999960107073786 -0.017022140040998234 -0.0435149909785097 0.9990379859815478 0.005425300016885473 -0.3499075023042511 0.0 0.0 0.0 1.0]
Frame:27, T_inverse:[0.99537646513864 0.09578238274654244 -0.0071710829093831335 0.018728234679370067 -0.007693427575831334 0.005085330900528051 -0.9999573872239087 -0.017029629834223747 -0.0957418477577918 0.9953892729100148 0.00579871404558091 -0.3509191351529298 0.0 0.0 0.0 1.0]
Frame:28, T_inverse:[0.989001342624197 0.14772903230488876 -0.007240739389570819 0.01750636970484169 -0.00807354141676585 0.005038456509239798 -0.999954729409975 -0.017036516797703318 -0.1476858568024298 0.9890150956174368 0.006175736364781248 -0.3518677124398707 0.0 0.0 0.0 1.0]
Frame:29, T_inverse:[0.979912744303747 0.19929334592762468 -0.007291075024303359 0.016228465897030087 -0.008451339464970039 0.004971876496149119 -0.9999518942442072 -0.017043016711317766 -0.19924751983169184 0.9799272236936398 0.006556302150683155 -0.3527509869913667 0.0 0.0 0.0 1.0]
Frame:30, T_inverse:[0.9681402937212522 0.25030134944051874 -0.007320744908116937 0.014909774782742273 -0.008824454902873667 0.004885928102361451 -0.9999490371240355 -0.017049064824244092 -0.2502528334689942 0.9681555548375841 0.0069390388004291256 -0.35356629387502064 0.0 0.0 0.0 1.0]
Frame:31, T_inverse:[0.9537142207051628 0.30062504439165527 -0.007330427139811854 0.013549637212012116 -0.00919244053050304 0.004779865558031382 -0.9999462334388192 -0.017054344592773017 -0.3005738657333223 0.9537303949435398 0.00732210672493115 -0.3543115469362401 0.0 0.0 0.0 1.0]
Frame:32, T_inverse:[0.9366705102438068 0.3501353783766752 -0.007320210824430512 0.012148509292037517 -0.009554785154383716 0.004655113971109104 -0.9999434185036501 -0.017059288750994755 -0.3500815246068309 0.9366874168140178 0.007705782107367243 -0.3549846787365587 0.0 0.0 0.0 1.0]
Frame:33, T_inverse:[0.9170643224578181 0.3986725815404869 -0.007290232186353606 0.010719183283772383 -0.00991016928146072 0.004511221236785103 -0.9999406209691843 -0.01706358456823525 -0.39861604206324314 0.917082143194026 0.008088001196367564 -0.3555832410496793 0.0 0.0 0.0 1.0]
Frame:34, T_inverse:[0.894943831454845 0.4461200497976569 -0.007240389624405473 0.009259524356194895 -0.010257889625990965 0.004349326052324847 -0.9999378437788534 -0.017067517313783868 -0.4460608721338426 0.8949624953110777 0.008468659441066353 -0.35610593970647575 0.0 0.0 0.0 1.0]
Frame:35, T_inverse:[0.8703642578002575 0.4923562154323551 -0.007170179370657497 0.007769649790055797 -0.010596057456971593 0.004169221761343604 -0.999935126932875 -0.017070709484651 -0.4922943969298476 0.8703837447360814 0.008845783917124367 -0.3565517566558497 0.0 0.0 0.0 1.0]
Frame:36, T_inverse:[0.8434072885884905 0.5372280891117196 -0.007080179862563873 0.006264490232332563 -0.010924191734729393 0.003971966223888671 -0.9999324129131462 -0.017073393592903288 -0.5371636875215717 0.8434276337713488 0.009218770916049003 -0.3569192199223347 0.0 0.0 0.0 1.0]
Frame:37, T_inverse:[0.8141339349242179 0.5806352622853062 -0.006971039630641014 0.00473895632466861 -0.011241909329113347 0.0037578075437624575 -0.9999296476071932 -0.017075557645486916 -0.5805682831610401 0.8141550595195206 0.009586823134889847 -0.3572073315252235 0.0 0.0 0.0 1.0]
Frame:38, T_inverse:[0.7826317265352559 0.6224473966338585 -0.006842692081148532 0.0032019970415844336 -0.01154769384930176 0.0035271285082208816 -0.9999270411190817 -0.017077028782054478 -0.6223778756591385 0.7826536028172112 0.009948294110653733 -0.35741533078061527 0.0 0.0 0.0 1.0]
Frame:39, T_inverse:[0.7489894121098198 0.6625480971644429 -0.0066954200271856085 0.00165885388507303 -0.01184114348457805 0.003281307135395465 -0.9999244139906002 -0.017078084653109213 -0.662476124963674 0.7490120593341487 0.010303010656051733 -0.3575426242685021 0.0 0.0 0.0 1.0]
Frame:40, T_inverse:[0.7132814842298687 0.700847216646342 -0.00653049095987353 0.00010427024544912088 -0.01212141937493233 0.003019250397972917 -0.999921911758711 -0.017078263978361822 -0.7007728010427737 0.7133049495029373 0.010648851109620432 -0.357588854856645 0.0 0.0 0.0 1.0]
Frame:41, T_inverse:[0.6756194665052251 0.7372231687589308 -0.00634790307729546 -0.001449802865195973 -0.012388035210987417 0.0027429995173483984 -0.9999195319701877 -0.017077990411977866 -0.7371464264967121 0.6756437129044575 0.01098596925346445 -0.35755404309828037 0.0 0.0 0.0 1.0]
Frame:42, T_inverse:[0.6361136677030775 0.7715708006571245 -0.006147063289214279 -0.0029959008818779354 -0.01263916172162499 0.0024540427898152753 -0.9999170123155942 -0.017077147312679564 -0.7714917566235541 0.6361385667292728 0.01131309647908365 -0.35743807140420375 0.0 0.0 0.0 1.0]
Frame:43, T_inverse:[0.5948721778204575 0.8037984875271251 -0.005929593871234503 -0.00453048290506808 -0.012875323784230244 0.0021523635218558533 -0.9999148209565422 -0.017075874512619646 -0.8037172250338946 0.5948978048471407 0.011629537978060633 -0.35724084375142445 0.0 0.0 0.0 1.0]
Frame:44, T_inverse:[0.5519800878011205 0.833837787401313 -0.005696492508635661 -0.006061554451859504 -0.01309477516113357 0.0018375197633791675 -0.9999124022729167 -0.017073564196271245 -0.8337543765071673 0.5520062327117017 0.011933265697623763 -0.35696320087648187 0.0 0.0 0.0 1.0]
Frame:45, T_inverse:[0.5075979846959842 0.861576737727857 -0.005446086490589946 -0.007566252104534635 -0.013297380990895459 0.001513766692910595 -0.9999103454199828 -0.017071075532139632 -0.8614913368024208 0.5076248392514308 0.012225158894419677 -0.3566063352805132 0.0 0.0 0.0 1.0]
Frame:46, T_inverse:[0.461803775492883 0.8869669427376317 -0.005182006249460309 -0.009058801278735295 -0.01348321147795008 0.001178251405573093 -0.9999084186342887 -0.017067864240849672 -0.8868796249841923 0.46183134894142175 0.012503286668596174 -0.35617084768243235 0.0 0.0 0.0 1.0]
Frame:47, T_inverse:[0.41475267969601026 0.9099209562443963 -0.004903503874791832 -0.01052305133204632 -0.01365140727489158 0.0008340765012654184 -0.9999064539056278 -0.01706423098642558 -0.9098317300413648 0.41478077985492356 0.012767658060802017 -0.35565805196925626 0.0 0.0 0.0 1.0]
Frame:48, T_inverse:[0.366559016102261 0.930383314842459 -0.0046122404597109265 -0.011960746029614918 -0.013801001461379376 0.0004806123583847308 -0.9999045394891142 -0.01705979614216984 -0.9302924061576491 0.366587627469451 0.013016444882862785 -0.3550693365356129 0.0 0.0 0.0 1.0]
Frame:49, T_inverse:[0.3173556640595227 0.9482966805534596 -0.004306833907830683 -0.013367331320175048 -0.013931880461405184 0.00012140460259152532 -0.9999027334729178 -0.01705502190933884 -0.9482041141657066 0.31738467546377586 0.013250220016427788 -0.3544061654379199 0.0 0.0 0.0 1.0]
Frame:50, T_inverse:[0.26730143506217496 0.9636045578120759 -0.003990451612331313 -0.014730340767489403 -0.014043664608808073 -0.0002449337048317311 -0.9999011704620916 -0.017049582587348823 -0.9635105129935342 0.26733094499909094 0.013467183654176934 -0.3536709075917848 0.0 0.0 0.0 1.0]
Frame:51, T_inverse:[0.21650523050690268 0.976274566969858 -0.003662919482840755 -0.016056489208901507 -0.01413662590859678 -0.0006165089837282559 -0.9998998416343005 -0.017043813732834184 -0.976179086179444 0.21653531099671666 0.013667765162346369 -0.35286506051187166 0.0 0.0 0.0 1.0]
Frame:52, T_inverse:[0.1651194743885431 0.9862679482889793 -0.003325529968408334 -0.017337273179659166 -0.014209691557673161 -0.0009925047841882959 -0.9998985360929082 -0.017037407651661604 -0.9861711632407484 0.16514996154624118 0.01385069925810995 -0.35199099861453415 0.0 0.0 0.0 1.0]
Frame:53, T_inverse:[0.1132578611222098 0.9935611701685092 -0.002979949399877682 -0.018578715980356226 -0.014262682992288434 -0.0013731200717320925 -0.9998973190067211 -0.01703034591880152 -0.993463226488967 0.11328872844707766 0.014015334578855024 -0.35105005933870653 0.0 0.0 0.0 1.0]
Frame:54, T_inverse:[0.06111169114224992 0.9981272732137259 -0.0026257200735117364 -0.01976015988675897 -0.014295831937531296 -0.00175488791784613 -0.9998960687020412 -0.017022942191424396 -0.9980283566706006 0.06114267978321974 0.014162012934363446 -0.3500461594836935 0.0 0.0 0.0 1.0]
Frame:55, T_inverse:[0.008798077457667206 0.9999587170786647 -0.002263126904782304 -0.020887463275094612 -0.014309711925218509 -0.0021370546963404755 -0.999895319503348 -0.01701535328768679 -0.9998588900985161 0.008829515747041543 0.014290345844593152 -0.3489819268950418 0.0 0.0 0.0 1.0]
Frame:56, T_inverse:[-0.04355305269125049 0.999049393810436 -0.0018949230041134656 -0.021962245198532366 -0.014303240770484815 -0.0025201354148181843 -0.9998946161094507 -0.01700724861540126 -0.9989488142362535 -0.043521288986948244 0.014399331336342596 -0.3478597074402459 0.0 0.0 0.0 1.0]
Frame:57, T_inverse:[-0.09577378013584782 0.9954019413512458 -0.0015226728851354438 -0.02297289961027289 -0.014275918570663857 -0.0029030909516760137 -0.9998938547150024 -0.01699846058986883 -0.9953007252619038 -0.09574190394047266 0.014488348527590098 -0.346683109891316 0.0 0.0 0.0 1.0]
Frame:58, T_inverse:[-0.14773368289364236 0.9890262662113807 -0.001145261488409263 -0.02392128485220252 -0.014229315352449328 -0.003283131146355833 -0.9998931866914511 -0.016989514534929643 -0.98892460414414 -0.14770183210281776 0.014558417908274949 -0.3454551069725779 0.0 0.0 0.0 1.0]
Frame:59, T_inverse:[-0.19929488451865723 0.9799392501188292 -0.0007647169899997941 -0.024806226813310243 -0.014162688167089528 -0.003660621039249474 -0.9998929970004775 -0.016980168955380043 -0.9798371914754584 -0.19926271765037248 0.014608117226086357 -0.3441792208618702 0.0 0.0 0.0 1.0]
Frame:60, T_inverse:[-0.2503228889083253 0.968162470735794 -0.00038235734946018355 -0.02562778979153575 -0.014076408254005766 -0.004034512529449378 -0.9998929159216114 -0.016970519631197157 -0.9680602328839026 -0.2502905727576434 0.014638048029852782 -0.3428584370410408 0.0 0.0 0.0 1.0]
Frame:61, T_inverse:[-0.30063038893341065 0.9537405565698412 1.063806618347986e-06 -0.026366293026653723 -0.013970726923673455 -0.0044025161673187764 -0.9998925921429934 -0.016960532397886398 -0.9536382370927567 -0.3005982472481944 0.014648123824497443 -0.3414976249673452 0.0 0.0 0.0 1.0]
Frame:62, T_inverse:[-0.3501455508086431 0.9366952341763479 0.00038388269410901825 -0.027043844072162964 -0.013845691092470013 -0.0047658526430269625 -0.999892740818212 -0.01695033429236445 -0.9365929430136657 -0.3501133164378696 0.014637956349137818 -0.3400989321498344 0.0 0.0 0.0 1.0]
Frame:63, T_inverse:[-0.39868762821644854 0.9170864365218022 0.0007670366584423022 -0.027642480094896532 -0.013702139863928903 -0.0051204623830912 -0.9998930108511478 -0.016939814791284247 -0.916984386740165 -0.39865549421517615 0.014607530614578543 -0.3386666559170229 0.0 0.0 0.0 1.0]
Frame:64, T_inverse:[-0.4461424084493589 0.8949609616856363 0.0011472713148054001 -0.02816773685805023 -0.01354023568002426 -0.005467915138775856 -0.9998932028795127 -0.016929163165016088 -0.894859248322796 -0.446110525552111 0.014557706579125064 -0.3372047955155101 0.0 0.0 0.0 1.0]
Frame:65, T_inverse:[-0.49235896398123147 0.8703909242710157 0.0015241791259985589 -0.028610260329927865 -0.013360251252486235 -0.005806611845331365 -0.9998938719476136 -0.01691836982030255 -0.8702897142066842 -0.4923270887522487 0.014487578995953362 -0.33571813401840145 0.0 0.0 0.0 1.0]
Frame:66, T_inverse:[-0.5372479948236198 0.8434221005881013 0.0018964672742078493 -0.0289826686884941 -0.01316237210223635 -0.006135907667444004 -0.9998945313375034 -0.016907335465779032 -0.8433215542750819 -0.5372163183803771 0.01439799650052899 -0.33420949693135316 0.0 0.0 0.0 1.0]
Frame:67, T_inverse:[-0.5806459240779861 0.8141527652098034 0.0022646166168490364 -0.02926854530656574 -0.012947904703307934 -0.006452916396303441 -0.9998951847518517 -0.016896036385304115 -0.8140529710293588 -0.5806146298252189 0.01428864911902055 -0.33268429275756833 0.0 0.0 0.0 1.0]
Frame:68, T_inverse:[-0.6224581252407364 0.7826484943935421 0.002626606701351687 -0.02947648899268312 -0.012717569942606295 -0.006758780509873781 -0.9998961624364314 -0.01688488351534539 -0.7825495867564066 -0.6224271101341304 0.014160597205501328 -0.33114600191992655 0.0 0.0 0.0 1.0]
Frame:69, T_inverse:[-0.662569331480405 0.7489944446462669 0.0029805628464045684 -0.029605924165810735 -0.012470941281871428 -0.007052857555113038 -0.9998973002711072 -0.016873628178298017 -0.7488965782387449 -0.6625385962159905 0.014013799808538886 -0.3295987297438093 0.0 0.0 0.0 1.0]
Frame:70, T_inverse:[-0.7008634542142956 0.7132874388050832 0.00332698417266047 -0.02965379715781422 -0.01220937546275019 -0.00733277509039378 -0.9998984766498584 -0.016862167080661076 -0.7131906925379341 -0.700833102458881 0.013848269201230279 -0.3280469327811332 0.0 0.0 0.0 1.0]
Frame:71, T_inverse:[-0.7372303070023343 0.675631609133168 0.0036640853055678827 -0.029617574061441228 -0.011933822601597956 -0.007599201756584606 -0.9998999022811198 -0.016850942912858033 -0.6755361041565583 -0.7372002265017791 0.013665221296749006 -0.326495322223089 0.0 0.0 0.0 1.0]
Frame:72, T_inverse:[-0.7715749995547545 0.6361257873655529 0.003991049992175164 -0.029499351116809167 -0.011644279747021508 -0.007850279051138926 -0.9999013597649805 -0.016839536242933086 -0.6360317803733679 -0.7715453941837488 0.0134643443010891 -0.3249476853044118 0.0 0.0 0.0 1.0]
Frame:73, T_inverse:[-0.8038141170210562 0.594864752449604 0.004306693787404443 -0.029305064013282287 -0.011341633561279822 -0.00808627751288609 -0.9999028854064905 -0.016828168725135227 -0.5947721849113939 -0.8037850484945039 0.01324675207150189 -0.32340725422393657 0.0 0.0 0.0 1.0]
Frame:74, T_inverse:[-0.8338467820882068 0.5519766781504816 0.004611738482654858 -0.029028671618143948 -0.011028391926001578 -0.008305935236303545 -0.9999046844342091 -0.016817152811529623 -0.5518857457738948 -0.8338181618590167 0.01301331950531534 -0.32187956404184703 0.0 0.0 0.0 1.0]
Frame:75, T_inverse:[-0.8615895655402265 0.507581778298203 0.004903305390730273 -0.0286704738512652 -0.010703255270784093 -0.008508878261236036 -0.9999064900180287 -0.01680608072915777 -0.5074926005845435 -0.8615615107617265 0.01276399366831492 -0.32036867388561935 0.0 0.0 0.0 1.0]
Frame:76, T_inverse:[-0.886966572376745 0.46180447555163306 0.00518123393436936 -0.02823061011812755 -0.010368002554876094 -0.008694796034133975 -0.9999083889853502 -0.0167952399111873 -0.46171713798006475 -0.8869390812238183 0.012500053803932397 -0.3188789280807969 0.0 0.0 0.0 1.0]
Frame:77, T_inverse:[-0.9099230863206054 0.41474084660962146 0.005444948886764716 -0.027720734329183525 -0.010022880723452438 -0.008862274628163013 -0.9999103986327584 -0.016784307658795645 -0.4146554476155063 -0.9098962926261501 0.012221089977221287 -0.31741343090439 0.0 0.0 0.0 1.0]
Frame:78, T_inverse:[-0.9303862203507304 0.3665359565859255 0.005693538061596877 -0.02713617083245329 -0.009669377566189843 -0.009011876398638954 -0.9999125404417484 -0.016773729201992972 -0.3664526219111013 -0.9303601143720285 0.011928914819857422 -0.3159767449176195 0.0 0.0 0.0 1.0]
Frame:79, T_inverse:[-0.9482862646388379 0.31736088752534297 0.005927532615960438 -0.02646556618027796 -0.00931008086369509 -0.009142866707238394 -0.999914838144839 -0.016763599557324753 -0.3172796699318522 -0.9482607351285717 0.011624749397163122 -0.3145740364086786 0.0 0.0 0.0 1.0]
Frame:80, T_inverse:[-0.9635961663086 0.26729067870613893 0.006144996295707239 -0.025730883683821665 -0.00894376869218938 -0.00925461880318533 -0.9999170836843214 -0.016753590034323747 -0.2672116681864465 -0.9635714424836094 0.011308465593595185 -0.3132071989385291 0.0 0.0 0.0 1.0]
Frame:81, T_inverse:[-0.9762601559515589 0.21650711247680102 0.00634552211979018 -0.02491920358695592 -0.008572215976183187 -0.009346910171807476 -0.9999194304655054 -0.01674382442691735 -0.21643038773021286 -0.976236167599543 0.010981242065518147 -0.311881393769247 0.0 0.0 0.0 1.0]
Frame:82, T_inverse:[-0.986253622561018 0.16510834705767152 0.00652756307587259 -0.02404646896617821 -0.008195016721848417 -0.009419854323042098 -0.9999219436819643 -0.01673436939485624 -0.16503398465714325 -0.9862303370772798 0.010643622643556812 -0.31059910894532283 0.0 0.0 0.0 1.0]
Frame:83, T_inverse:[-0.9935416419404585 0.11327021479689363 0.006692391895027541 -0.023103606113387153 -0.007815386924404748 -0.009473130314475978 -0.9999245733171339 -0.016725355707838716 -0.11319827735678631 -0.9935190465348883 0.010297240062349644 -0.3093642425907063 0.0 0.0 0.0 1.0]
Frame:84, T_inverse:[-0.9981074146173987 0.06110856737610946 0.006839309020096573 -0.022101436799938094 -0.00743378553272533 -0.009506014310015501 -0.9999270246081067 -0.016716564239295295 -0.0610391022971015 -0.998085734935968 0.009942564188803505 -0.30818002044049764 0.0 0.0 0.0 1.0]
Frame:85, T_inverse:[-0.9999369287033523 0.008787775388636267 0.006967523248768029 -0.0210360991536005 -0.007051131847260255 -0.009519268449928007 -0.9999297533406203 -0.016708353005637836 -0.008720832737655573 -0.999915953739119 0.009580825731468574 -0.30705029764520536 0.0 0.0 0.0 1.0]
Frame:86, T_inverse:[-0.9990259060307792 -0.04355749074844548 0.007075896951769617 -0.019913206966579812 -0.006667563527726802 -0.009512767001739678 -0.9999325192111541 -0.01670061336775372 0.04362186562476606 -0.999005648217012 0.009213030746567862 -0.30597795370138714 0.0 0.0 0.0 1.0]
Frame:87, T_inverse:[-0.9953748052607295 -0.09579889011556872 0.007165034226839579 -0.018740473676643245 -0.00628491889790811 -0.00948564471047219 -0.9999351881559646 -0.016693223806250636 0.09586065118181077 -0.9953554752280689 0.008839794860881335 -0.30496553573733465 0.0 0.0 0.0 1.0]
Frame:88, T_inverse:[-0.9890001654303242 -0.14773660846269152 0.007235372486718045 -0.0175037581633197 -0.005905370258056525 -0.009439121143552123 -0.9999379540594395 -0.016686351783002353 0.14779575677327086 -0.9889816652342226 0.008462954406896117 -0.30401705986386046 0.0 0.0 0.0 1.0]
Frame:89, T_inverse:[-0.9799082086953584 -0.1993146602378976 0.0072846601419356794 -0.01623274727143728 -0.0055273381356920545 -0.009371696497441595 -0.9999406821709171 -0.016679689974008195 0.19937114462819924 -0.9798906118644384 0.008081989391256272 -0.30313341997034315 0.0 0.0 0.0 1.0]
Frame:90, T_inverse:[-0.9681366580677349 -0.25031546387363734 0.0073148128216561385 -0.01490788032738241 -0.005154259731563731 -0.00928574784353741 -0.9999435908943123 -0.01667384063871977 0.2503692836345411 -0.9681197895312772 0.007699729683934033 -0.30231843204107617 0.0 0.0 0.0 1.0]
Frame:91, T_inverse:[-0.953706825917136 -0.3006485355553815 0.007324486744951927 -0.013547919017712797 -0.004785660233896938 -0.00918003875065101 -0.9999463457840899 -0.0166685010826335 0.30069967991805285 -0.9536908065193158 0.007316341158131132 -0.3015734942666885 0.0 0.0 0.0 1.0]
Frame:92, T_inverse:[-0.9366613211362526 -0.3501599359703015 0.007313791805909567 -0.012151614865734761 -0.004422913243787816 -0.009054844761357084 -0.999949227998815 -0.016663539075702664 0.3502083674858191 -0.9366461536151274 0.006932620887372487 -0.3009008250702165 0.0 0.0 0.0 1.0]
Frame:93, T_inverse:[-0.9170590271934376 -0.39868497803433195 0.007284339142091984 -0.010713425055561514 -0.004068476160341466 -0.008911699593669487 -0.9999520086893913 -0.016659260309135587 0.39873074044375056 -0.9170446513211044 0.0065504970784801 -0.3003022472061964 0.0 0.0 0.0 1.0]
Frame:94, T_inverse:[-0.8949339508000665 -0.4461398873076149 0.007232489039726896 -0.009253258872051855 -0.003719997267625521 -0.008748353777344954 -0.9999547459044941 -0.01665526092487626 0.4461829887491832 -0.8949204110228054 0.006169647128832387 -0.2997791048381422 0.0 0.0 0.0 1.0]
Frame:95, T_inverse:[-0.8703615168266127 -0.4923606733203678 0.007163385282089215 -0.007763888625216135 -0.0033824174812437727 -0.008569115103989085 -0.9999574452866665 -0.0166521559570961 0.4924011522024065 -0.8703489788582167 0.005793082621728414 -0.29933343250111316 0.0 0.0 0.0 1.0]
Frame:96, T_inverse:[-0.8433997273423485 -0.5372396259498642 0.007073385777528399 -0.006255647883341529 -0.0030538844839887863 -0.00837128776104692 -0.9999601693990213 -0.016649436273973646 0.5372775436807976 -0.8433879370086693 0.0054199182114898275 -0.2989662669254343 0.0 0.0 0.0 1.0]
Frame:97, T_inverse:[-0.8141310426068695 -0.5806392720613578 0.00696423155813471 -0.004727996148553716 -0.00273649369742275 -0.00815668120780707 -0.9999629332128764 -0.016647293030708346 0.5806746165349036 -0.8141200403012379 0.005051753195173778 -0.29867876057828974 0.0 0.0 0.0 1.0]
Frame:98, T_inverse:[-0.7826218786610362 -0.6224596597258414 0.006835696911262093 -0.003191985255626618 -0.0024302218189999826 -0.007925779942660657 -0.9999655467337826 -0.016645810374664 0.6224924549715545 -0.7826116876097201 0.0046902848405594505 -0.298471378411207 0.0 0.0 0.0 1.0]
Frame:99, T_inverse:[-0.7489755393179368 -0.6625639280701661 0.00668958487161154 -0.0016433813994070638 -0.0021373203862740725 -0.007680142996085842 -0.9999682157881463 -0.016645012187506882 0.6625942944554316 -0.7489660121498161 0.004336089918427553 -0.29834494381344645 0.0 0.0 0.0 1.0]
Frame:100, T_inverse:[-0.713278093742037 -0.7008505983177066 0.006524462944928938 -8.96165321769223e-05 -0.001857575944992711 -0.007418503420140171 -0.9999707199705168 -0.01664457331644195 0.7008785170379727 -0.7132694372581163 0.003989672829541328 -0.2982996587914526 0.0 0.0 0.0 1.0]
Frame:101, T_inverse:[-0.6756163398403241 -0.7372260283958401 0.006340419667457371 0.0014604062671932005 -0.001590806803989934 -0.007142238885411946 -0.9999731594767906 -0.016644934282116382 0.7372516138261263 -0.6756083841987722 0.0036526972827010534 -0.29833574925370443 0.0 0.0 0.0 1.0]
Frame:102, T_inverse:[-0.6361128280960412 -0.7715717662005362 0.006140463695139078 0.0030104361625677726 -0.0013399767371599077 -0.006853531643146052 -0.9999756715873048 -0.016645830718484935 0.7715950610618341 -0.6361054759366057 0.0033256172323096436 -0.2984530620563572 0.0 0.0 0.0 1.0]
Frame:103, T_inverse:[-0.5948618412925061 -0.8038060887617716 0.00592300339657946 0.004550597362823738 -0.0011043122557431605 -0.006551251407823569 -0.9999779145494935 -0.01664723890879757 0.8038271156779901 -0.5948552822250212 0.0030094834552244682 -0.2986506161249157 0.0 0.0 0.0 1.0]
Frame:104, T_inverse:[-0.5519729092281344 -0.8338425064623349 0.005689212518425748 0.006075797933481722 -0.000884543425703702 -0.006237145613672693 -0.9999801033181014 -0.016649305470508465 0.8338614299456957 -0.551967088345293 0.0027052743926782564 -0.29892861081982197 0.0 0.0 0.0 1.0]
Frame:105, T_inverse:[-0.5075783735416107 -0.8615883813675569 0.00544003148841178 0.007586759969510844 -0.0006815758703247073 -0.00591229923011272 -0.999982282306499 -0.016651988018130975 0.8616052621905438 -0.5075731152957623 0.0024137411347661085 -0.2992862662620018 0.0 0.0 0.0 1.0]
Frame:106, T_inverse:[-0.4617858130186815 -0.8869763507029023 0.005175759112854434 0.009074544380759667 -0.0004955960117274239 -0.005577150926101517 -0.9999843253941113 -0.01665528884574977 0.8869913147032056 -0.46178117458209034 0.002135896358259831 -0.29972261185392596 0.0 0.0 0.0 1.0]
Frame:107, T_inverse:[-0.41473593852067947 -0.9099286436871618 0.004898648772718895 0.010540307836667517 -0.0003289107653472666 -0.005233584190100806 -0.9999862700373182 -0.016658865064633887 0.9099417838075816 -0.4147318392947366 0.0018712427345858066 -0.30023621119868965 0.0 0.0 0.0 1.0]
Frame:108, T_inverse:[-0.36655069978725807 -0.9303863503134235 0.004606579465325945 0.01197759413657837 -0.00017910878504809457 -0.00488042077848435 -0.9999878900201897 -0.016663171601467526 0.9303977386344379 -0.3665473611051328 0.0016225671637896226 -0.3008257939051987 0.0 0.0 0.0 1.0]
Frame:109, T_inverse:[-0.3173442799850628 -0.9483005247809622 0.00430131195937645 0.01337671086789433 -4.814445542235893e-05 -0.004519583263505853 -0.9999897033192066 -0.016668025341662267 0.9483103163228677 -0.3173413101309362 0.0013887007420113331 -0.3014901032447887 0.0 0.0 0.0 1.0]
Frame:110, T_inverse:[-0.2672922298150998 -0.9636073029780935 0.0039847945164433254 0.014746807915738137 6.398748950821942e-05 -0.0041530036898732945 -0.9999913910719157 -0.016673477874985635 0.963615491893527 -0.26728967164659456 0.0011717228361771196 -0.3022265358032279 0.0 0.0 0.0 1.0]
Frame:111, T_inverse:[-0.216482170635685 -0.9762796287952186 0.003657375191024655 0.016068783340694996 0.00015631991420324596 -0.003780812493735443 -0.9999927736332983 -0.016679357999093234 0.9762865099542586 -0.21648010267942835 0.0009711642292054083 -0.30303385331404653 0.0 0.0 0.0 1.0]
Frame:112, T_inverse:[-0.16509126357520296 -0.9862725789211211 0.0033198064920053425 0.017350324326580544 0.0002293084838019758 -0.0034042706152155855 -0.999994079923109 -0.01668575134771119 0.986278156479698 -0.1650896515608185 0.0007883002251033023 -0.30390939607472733 0.0 0.0 0.0 1.0]
Frame:113, T_inverse:[-0.1132545220947937 -0.993561546412689 0.0029744026176825324 0.018586374498876852 0.0002823655274612863 -0.00302585088551269 -0.999995354035983 -0.016692646935779848 0.9935659598076494 -0.1132531598516651 0.0006232376587212823 -0.30485013611093237 0.0 0.0 0.0 1.0]
Frame:114, T_inverse:[-0.06109515932280561 -0.9981284175690684 0.002619605587613318 0.019767730762234238 0.0003155099181822813 -0.00264372838110439 -0.9999963679223826 -0.01670001091964693 0.9981317952911902 -0.06109420918823019 0.00047653640198336685 -0.30585437775495644 0.0 0.0 0.0 1.0]
Frame:115, T_inverse:[-0.008769893768147125 -0.9999589347826969 0.0022584293959131687 0.020895324411128097 0.0003287925173848636 -0.002261341882877825 -0.9999973410697928 -0.01670781719327553 0.9999614238358048 -0.008769186040197559 0.00034866925770883026 -0.306919177822819 0.0 0.0 0.0 1.0]
Frame:116, T_inverse:[0.04355626178879924 -0.9990491894862082 0.0018901490949929296 0.021972776428166654 0.0003219434245477277 -0.0018778925324398398 -0.9999981579740826 -0.016716038656128064 0.999050933230663 0.04355677312216694 0.0002398587833443897 -0.30804129300836003 0.0 0.0 0.0 1.0]
Frame:117, T_inverse:[0.09579330829115977 -0.9953999990443748 0.0015171386852336859 0.022980618041467536 0.0002947267926709164 -0.001495679247533103 -0.9999987487882568 -0.016724555521783337 0.995401091445545 0.0957935404854091 0.00015019039885347252 -0.309218529685865 0.0 0.0 0.0 1.0]
Frame:118, T_inverse:[0.14775631663181596 -0.9890229227195386 0.0011391072883916416 0.02392900140052117 0.00024772709353534434 -0.001114475818778081 -0.9999991134912715 -0.01673357185891705 0.9890235166195623 0.14775624156951828 8.056212301618489e-05 -0.3104468524568788 0.0 0.0 0.0 1.0]
Frame:119, T_inverse:[0.19931743413521003 -0.9799345228125467 0.0007607005552277745 0.024811666650296754 0.00018160970929122328 -0.0007391287235332437 -0.9999994801504052 -0.016742925568710078 0.9799347814495754 0.1993172970364694 3.081163889776535e-05 -0.3117232864100867 0.0 0.0 0.0 1.0]
Frame:120, T_inverse:[0.2502395420813372 -0.9681837899393086 0.000377879979153339 0.025656775514765858 9.544272155201476e-05 -0.0003655110790344071 -0.9999998572489874 -0.016752667024283466 0.9681838683557549 0.25023942951192535 1.0294677366409324e-06 -0.313041863419959 0.0 0.0 0.0 1.0]
Frame:121, T_inverse:[0.3034204280694851 -0.9528567913171008 -2.9163835812068504e-05 0.02545680436725573 -1.765394480197067e-05 2.500161182660904e-05 -0.9999999990638214 -0.0167641114884361 0.9528567918834 0.30342039901263923 -9.224212913651575e-06 -0.31461423953141593 0.0 0.0 0.0 1.0]
