{
	"stereoRectify": {
		"rect_l": [
			[
				0.996798551008661,
				0.02777706099408615,
				-0.07497388605084357
			],
			[
				-0.028381304956187136,
				0.9995726186324907,
				-0.007005826801253725
			],
			[
				0.07474724233052324,
				0.009111254727866766,
				0.9971608871196593
			]
		],
		"rect_r": [
			[
				0.9348695407788187,
				0.044091202660773175,
				-0.35224268277982373
			],
			[
				-0.04120146698882353,
				0.9990274964550432,
				0.015700332631425926
			],
			[
				0.352592372070029,
				-0.00016484749060831794,
				0.9357769990672645
			]
		],
		"proj_mat_l": [
			[
				1233.5098266601562,
				0.0,
				1626.712350845337,
				0.0
			],
			[
				0.0,
				1233.5098266601562,
				352.03546142578125,
				0.0
			],
			[
				0.0,
				0.0,
				1.0,
				0.0
			]
		],
		"proj_mat_r": [
			[
				1233.5098266601562,
				0.0,
				1626.712350845337,
				-6884.832778918915
			],
			[
				0.0,
				1233.5098266601562,
				352.03546142578125,
				0.0
			],
			[
				0.0,
				0.0,
				1.0,
				0.0
			]
		],
		"Q": [
			[
				1.0,
				0.0,
				0.0,
				-1626.712350845337
			],
			[
				0.0,
				1.0,
				0.0,
				-352.03546142578125
			],
			[
				0.0,
				0.0,
				0.0,
				1233.5098266601562
			],
			[
				0.0,
				0.0,
				0.17916336769095023,
				-0.0
			]
		],
		"R": [
			[
				0.9594012625087232,
				-0.012003371076759079,
				0.2817891704439008
			],
			[
				0.015584020992653104,
				0.9998237527755617,
				-0.01046908188396205
			],
			[
				-0.28161384161004704,
				0.014435458724480444,
				0.9594192314859261
			]
		],
		"T": [
			[
				-5.2179725846158
			],
			[
				-0.24609496477443304
			],
			[
				1.9660418718374872
			]
		],
		"E": [
			[
				0.03866491062786688,
				-1.9692478561207503,
				-0.21552558863287793
			],
			[
				0.4167697490163369,
				0.05172469773058054,
				5.560232555169781
			],
			[
				0.15478682560388982,
				-5.2200069006128755,
				0.12397427823082037
			]
		],
		"F": [
			[
				-1.3325638587700583e-06,
				6.729863370801727e-05,
				-0.01941140719057902
			],
			[
				-1.4689641964293664e-05,
				-1.807789376707955e-06,
				-0.1990051238893453
			],
			[
				0.00033268532272777917,
				0.1741645187735457,
				1.0
			]
		]
	},
	"stereol": {
		"cam_id": "imgL",
		"camera_k": [
			[
				1086.8167724609375,
				0.0,
				899.7415885852824
			],
			[
				0.0,
				1096.027587890625,
				426.2078720244026
			],
			[
				0.0,
				0.0,
				1.0
			]
		],
		"distcoeff": [
			[
				0.04926647892594977,
				-0.11395363955786621,
				-0.0053411630186314205,
				-0.0023939977200903998,
				-0.029344122858876925
			]
		]
	},
	"stereor": {
		"cam_id": "imgR",
		"camera_k": [
			[
				1402.099853515625,
				0.0,
				1140.2048959344247
			],
			[
				0.0,
				1370.9920654296875,
				428.39612291913363
			],
			[
				0.0,
				0.0,
				1.0
			]
		],
		"distcoeff": [
			[
				0.045148582074794635,
				-0.1600309307613075,
				-0.014097678046330341,
				0.018454868331378042,
				0.04276527812913543
			]
		]
	}
}