Frame:1, T_inverse:[-0.39903204347651655 -0.9169369638777749 -1.3097605639391662e-05 0.022961196523737456 1.5970607312861416e-07 1.4212858288161324e-05 -0.9999999997979352 -0.009003277594710812 0.9169369640648121 -0.39903204340004866 -5.5273601813821695e-06 -0.33025074482917965 0.0 0.0 0.0 1.0]
Frame:2, T_inverse:[-0.3531847280968058 -0.9355533301551905 -0.00018639282264716096 0.024432218470592414 6.568767354509366e-05 0.00017459623069020986 -0.9999998460202518 -0.009007158480852217 0.9355533626981367 -0.35318488935351505 8.264483907323654e-09 -0.33131228898477366 0.0 0.0 0.0 1.0]
Frame:3, T_inverse:[-0.3038040524899136 -0.9527343665105689 -0.00036932373381566596 0.02491335445299888 0.00012632769123486196 0.00034741095708386944 -0.9999998633628204 -0.009011825156987752 0.9527344333340393 -0.3038041341155048 1.4874171201371954e-05 -0.33260300897254536 0.0 0.0 0.0 1.0]
Frame:4, T_inverse:[-0.2535175876370573 -0.9673305182773158 -0.0005528903448144892 0.02530041351019686 0.00017798538994497887 0.0005249812976685753 -0.9999997523518802 -0.009016501255119018 0.9673306823553043 -0.25351770660168566 3.915986222093173e-05 -0.33391776350746527 0.0 0.0 0.0 1.0]
Frame:5, T_inverse:[-0.20254827986447205 -0.9792719188169233 -0.0007344656682969231 0.0256223190390329 0.00021997320821032045 0.0007045751446210068 -0.9999996936430932 -0.009021161652860234 0.9792721818756602 -0.202548448000907 7.277731877931875e-05 -0.3352509142262049 0.0 0.0 0.0 1.0]
Frame:6, T_inverse:[-0.15101863889212316 -0.9885303942930452 -0.0009139320515906831 0.02587218487930012 0.0002522581537411214 0.0008860697282965104 -0.9999995089291328 -0.009025778006459035 0.9885308173032762 -0.15101888249221457 0.00011563436171826569 -0.33659924256514434 0.0 0.0 0.0 1.0]
Frame:7, T_inverse:[-0.09907317883762835 -0.9950793902828271 -0.0010912039335829907 0.02605052382339569 0.0002756185786200111 0.0010692979372731377 -0.9999992575992075 -0.009030666738893507 0.9950799742281862 -0.09907356288944096 0.00016847779415079476 -0.33795880139080303 0.0 0.0 0.0 1.0]
Frame:8, T_inverse:[-0.046857271345767934 -0.9989007536348277 -0.0012652273338124612 0.026157818368856996 0.0002892409483055774 0.0012531021023192855 -0.9999991209870095 -0.009035514043669802 0.9989014976336393 -0.04685765016943229 0.00023025994383764868 -0.3393260035458259 0.0 0.0 0.0 1.0]
Frame:9, T_inverse:[0.005495113491348799 -0.9999838340773403 -0.001436205594052606 0.02619069253585846 0.00029313946352382467 0.001437848477685969 -0.9999989195551809 -0.009040369624316005 0.9999848572016533 0.005494675924588622 0.0003010462717456365 -0.3406972980885851 0.0 0.0 0.0 1.0]
Frame:10, T_inverse:[0.057805441269478904 -0.9983265070618282 -0.0016022738864362605 0.02616102709044636 0.0002869535721177763 0.0016216359982390873 -0.9999985993328853 -0.009045052349024522 0.9983277445508264 0.057804841664409634 0.0003802721915946677 -0.3420677954018587 0.0 0.0 0.0 1.0]
Frame:11, T_inverse:[0.1099824191293031 -0.9939319282887006 -0.0017641371226562838 0.026051034768418798 0.00027170705191887837 0.0018050057496417028 -0.9999982774998682 -0.009049924285778695 0.9939334355240071 0.10998171980599188 0.00046860918902870603 -0.3434353309110749 0.0 0.0 0.0 1.0]
Frame:12, T_inverse:[0.1618580897350367 -0.9868121709290303 -0.0019225001754863606 0.025869554975900245 0.0002466678645033646 0.001988658830496489 -0.9999979513563167 -0.00905478430525183 0.9868140069433011 0.161857281077343 0.0005653048731209484 -0.3447955596293775 0.0 0.0 0.0 1.0]
Frame:13, T_inverse:[0.21327338611040025 -0.9769903764569033 -0.0020742984170753105 0.025622994730187722 0.00021222832835284867 0.002169479358810311 -0.9999976325051819 -0.009059544865610067 0.9769925290360678 0.21327243101674245 0.0006700407984278435 -0.34614339069577665 0.0 0.0 0.0 1.0]
Frame:14, T_inverse:[0.2641145754756669 -0.964488709698876 -0.00222102694143313 0.025302559944129194 0.00016774992961448586 0.002348767188155084 -0.9999971970127629 -0.009064112597478186 0.9644912917788276 0.2641134386623098 0.0007821620543980406 -0.3474767254318861 0.0 0.0 0.0 1.0]
Frame:15, T_inverse:[0.3142242706201753 -0.9493458002748011 -0.0023614348383712426 0.024915526842671336 0.00011466040957387392 0.0025254161662607954 -0.9999967682248453 -0.009068841205305773 0.9493487397902228 0.31422297254888615 0.0009024260761612691 -0.34879126356234363 0.0 0.0 0.0 1.0]
Frame:16, T_inverse:[0.3634824625727341 -0.9315975621376786 -0.002495317076838211 0.024456595528428025 5.2175583117531916e-05 0.002699117082813583 -0.9999961098842364 -0.009073412933076638 0.9316009057131405 0.3634807448118183 0.001029837429242661 -0.3500839755690721 0.0 0.0 0.0 1.0]
Frame:17, T_inverse:[0.4117437893499722 -0.9112958621155008 -0.002622451983771493 0.023930811573475746 -1.9498435431027527e-05 0.002868891440859043 -0.9999958817777839 -0.009077792015382133 0.911299653254577 0.4117421417156199 0.001163476922755808 -0.35135113640754556 0.0 0.0 0.0 1.0]
Frame:18, T_inverse:[0.45886258726564727 -0.88850294472045 -0.002742352969884359 0.0233449543493771 -9.9619949630185e-05 0.0030351081216562475 -0.9999953082694704 -0.009082241571497224 0.8885071660765753 0.45886069010924674 0.001304230140116349 -0.3525887173509565 0.0 0.0 0.0 1.0]
Frame:19, T_inverse:[0.5047456502626949 -0.8632633775440824 -0.0028547643452020294 0.022686252457162697 -0.00018860697049972872 0.003196717782500305 -0.9999948119082903 -0.009086446493803007 0.8632680682986967 0.5047435180101499 0.0014507451938634858 -0.35379438381365375 0.0 0.0 0.0 1.0]
Frame:20, T_inverse:[0.5492269616082724 -0.8356679642750041 -0.0029592698915268684 0.021972916271479653 -0.00028566432969698817 0.0033534919959950266 -0.9999942753900429 -0.009090634116612335 0.8356731605471491 0.5492246362305778 0.0016031330353130703 -0.3549636687486411 0.0 0.0 0.0 1.0]
Frame:21, T_inverse:[0.5922136779108218 -0.8057750933136643 -0.00305483297701806 0.021194741454241744 -0.00039064831870869334 0.0035041955896764833 -0.9999936479142635 -0.009094531171674426 0.8057808233878602 0.59221102662659 0.0017605219154296177 -0.35609436352698154 0.0 0.0 0.0 1.0]
Frame:22, T_inverse:[0.6335698927126118 -0.7736790684486141 -0.003143348220604709 0.02036169148420835 -0.0005040595656328031 0.003650107367379672 -0.9999931580112077 -0.009098300372244371 0.7736852526862972 0.6335671415036292 0.00192263758356467 -0.3571826791103511 0.0 0.0 0.0 1.0]
Frame:23, T_inverse:[0.6731958742488366 -0.7394570942886954 -0.0032232018978704544 0.019469946123876397 -0.000624459303353285 0.003790484573685889 -0.999992454625323 -0.009102203348848769 0.7394638816497473 0.6731928258000941 0.0020900246314920516 -0.3582253046929711 0.0 0.0 0.0 1.0]
Frame:24, T_inverse:[0.7109693402397089 -0.7032152406959046 -0.003293309091115477 0.018528424473560685 -0.0007521460965903188 0.0039228828426214465 -0.9999918536459947 -0.00910550395398959 0.7032225286307412 0.7109659907141617 0.002260170377523086 -0.3592199762259951 0.0 0.0 0.0 1.0]
Frame:25, T_inverse:[0.7467985911170884 -0.6650418362758941 -0.0033546307056020303 0.017533874285627065 -0.0008862632992318344 0.004049030103856565 -0.999991343360927 -0.009108882280973521 0.6650496494646573 0.7467951045964237 0.002434420269604774 -0.36016392206881437 0.0 0.0 0.0 1.0]
Frame:26, T_inverse:[0.7805843642364294 -0.625041091002354 -0.0034073424262435884 0.016489328903208037 -0.0010275919074106564 0.004168173332946939 -0.9999906304287662 -0.009111943275880772 0.6250495726313198 0.7805804976485072 0.002611355422932461 -0.3610547874004573 0.0 0.0 0.0 1.0]
Frame:27, T_inverse:[0.8122273905481947 -0.5833306917963005 -0.0034504198500287706 0.01540124849275757 -0.0011743166218982659 0.004279881685894485 -0.9999901382934768 -0.009114991577246961 0.583339736757281 0.8122234301813753 0.002791226552353273 -0.36188983441258915 0.0 0.0 0.0 1.0]
Frame:28, T_inverse:[0.841642066981279 -0.5400244626114323 -0.0034836092706972753 0.014272313042278228 -0.0013267746140137092 0.004383110366710269 -0.9999893397187529 -0.009117614764083366 0.5400340793091005 0.8416377130265228 0.0029725436825175132 -0.36266674366448076 0.0 0.0 0.0 1.0]
Frame:29, T_inverse:[0.8687522949796315 -0.4952344421907194 -0.003507922434224054 0.013102708128912904 -0.0014847701816670942 0.004478849361300118 -0.9999887027431783 -0.009120158926270027 0.49524461709715667 0.8687476012912341 0.003155726187734229 -0.3633836311849459 0.0 0.0 0.0 1.0]
Frame:30, T_inverse:[0.8934772954222097 -0.44909456587603486 -0.0035229999592139645 0.011900267961888955 -0.0016477427232132805 0.0045665180016879 -0.9999880547850485 -0.00912257054704491 0.44910533923611384 0.8934724372823092 0.0033401019780776265 -0.3640383700936872 0.0 0.0 0.0 1.0]
Frame:31, T_inverse:[0.9157584800050654 -0.40171381851179405 -0.003528067440710529 0.010661162569241376 -0.0018149078578306999 0.004645169164153546 -0.9999875261841861 -0.009124663915883902 0.40172521979641046 0.9157533974208212 0.0035247841391258783 -0.3646293764294025 0.0 0.0 0.0 1.0]
Frame:32, T_inverse:[0.9355292572611578 -0.35323168050595527 -0.003522206868759057 0.00939295343116416 -0.0019848420445547172 0.004714490049925895 -0.99998682769314 -0.009126504967577088 0.3532436681906717 0.9355239457077016 0.003709438563206822 -0.3651547710160987 0.0 0.0 0.0 1.0]
Frame:33, T_inverse:[0.9527365811358486 -0.30377730972175593 -0.0035074456511463045 0.008097360847336544 -0.002159001886526198 0.004774841193283354 -0.9999861294147588 -0.009128018663562788 0.3037898864970128 0.9527309280806712 0.0038933179259498223 -0.36561256121221003 0.0 0.0 0.0 1.0]
Frame:34, T_inverse:[0.9673282836284428 -0.25350321641273177 -0.0034840749516164738 0.0067846641209234875 -0.0023368702995959084 0.004826455651829749 -0.9999855493207697 -0.009129379529283027 0.25351638564807044 0.9673224134202838 0.004076365029252029 -0.3660021174658852 0.0 0.0 0.0 1.0]
Frame:35, T_inverse:[0.9792692567987221 -0.2025334843314722 -0.0034494012564896762 0.005452977271982859 -0.002515489676703605 0.004868449825228012 -0.9999849310947382 -0.00913054487811079 0.20254723509655342 0.9792631639815549 0.004258054010333164 -0.36632238717626225 0.0 0.0 0.0 1.0]
Frame:36, T_inverse:[0.988527101178801 -0.15100533779508996 -0.0034060045195659187 0.004105144644334128 -0.002696921949343438 0.004900289731277818 -0.9999843895474185 -0.009131133368818234 0.15101965926568658 0.9885208035958091 0.004436819508835344 -0.36657261725216195 0.0 0.0 0.0 1.0]
Frame:37, T_inverse:[0.9950757462608404 -0.09906086444620124 -0.003353667764782951 0.002745278540400031 -0.0028800472287663858 0.004923749715321606 -0.9999836742209249 -0.009131877795074508 0.09907577272650343 0.9950691825944038 0.004614204239533966 -0.36675197740659904 0.0 0.0 0.0 1.0]
Frame:38, T_inverse:[0.9988968297429163 -0.046843763493764345 -0.0032920211793567807 0.001377534241629302 -0.0030640479904986903 0.004937683287201975 -0.9999830987289628 -0.009132409212361515 0.04685922785321248 0.998890006757713 0.004788704376910238 -0.3668599735065185 0.0 0.0 0.0 1.0]
Frame:39, T_inverse:[0.9999797060085192 0.0054942277632781065 -0.0032206553819995364 8.721360586299287e-06 -0.003247814531581572 0.004941440667753764 -0.9999825573280766 -0.009132495062140032 -0.005478217127802205 0.9999727534150278 0.004959184685283035 -0.36689636662872105 0.0 0.0 0.0 1.0]
Frame:40, T_inverse:[0.9983223179346965 0.05781601160777229 -0.003141313745171618 -0.0013596971159190614 -0.0034323371479716533 0.004935101786377942 -0.9999818044774499 -0.00913216834640708 -0.057799464697665025 0.9983149586937335 0.005125266267364722 -0.36686086907417764 0.0 0.0 0.0 1.0]
Frame:41, T_inverse:[0.9939270127393478 0.10999871599634456 -0.0030537708429395276 -0.002731602554373386 -0.0036168371682546037 0.004919865183145111 -0.9999811904261178 -0.009131873658116048 -0.10998163556644286 0.9939193735161467 0.005287835951685701 -0.36675391852002104 0.0 0.0 0.0 1.0]
Frame:42, T_inverse:[0.9868085904022 0.16186449638249953 -0.002956479330896333 -0.0040901979088473345 -0.003798922206329006 0.0048954511562023005 -0.9999807354195074 -0.009131433175718557 -0.16184691799792095 0.9868007915053643 0.005445785179231788 -0.3665755984745304 0.0 0.0 0.0 1.0]
Frame:43, T_inverse:[0.9769830456436852 0.2132979810662565 -0.0028515551924343974 -0.005441929342304685 -0.003979842762338808 0.004860574557163145 -0.999980204769093 -0.009130415530438448 -0.21327991808112404 0.9769750545236848 0.005597592463295606 -0.3663256941497983 0.0 0.0 0.0 1.0]
Frame:44, T_inverse:[0.9644800299523961 0.2641415357784647 -0.002739089656315482 -0.00677688217887307 -0.004158995394407164 0.004816577289364711 -0.9999796492081918 -0.009129286539491022 -0.2641229898883442 0.9644718015658383 0.005744059332348642 -0.3660057093614785 0.0 0.0 0.0 1.0]
Frame:45, T_inverse:[0.9493427665081475 0.3142314576483632 -0.0026201349615081397 -0.008081943800493943 -0.004336433704674029 0.004763124774795383 -0.9999791306006154 -0.009127941473784476 -0.31421247340194935 0.9493343252561636 0.005884489186268038 -0.36561661293761655 0.0 0.0 0.0 1.0]
Frame:46, T_inverse:[0.931591201846363 0.3634991200095241 -0.0024913631829216174 -0.00937971053132881 -0.004508551883836639 0.004701044690114329 -0.9999787919111826 -0.009126293735982801 -0.36347970484757725 0.9315826652340915 0.00601830813221652 -0.3651590050580364 0.0 0.0 0.0 1.0]
Frame:47, T_inverse:[0.9112918178930647 0.41175440391343865 -0.0023578293280683174 -0.01064555141322844 -0.00467895596792955 0.004629311541878407 -0.99997825316457 -0.009124398416826841 -0.4117345833937559 0.9112830443247003 0.006145239833327251 -0.36463450793746577 0.0 0.0 0.0 1.0]
Frame:48, T_inverse:[0.8884913927016795 0.45888790246507477 -0.0022189768900816973 -0.011885216372430975 -0.0048465203716179265 0.004548381805389605 -0.9999778169557579 -0.009122318710573478 -0.45886768053833565 0.888482471711253 0.0062652161930460025 -0.3640444878555676 0.0 0.0 0.0 1.0]
Frame:49, T_inverse:[0.8632527454542005 0.504767712836733 -0.002071668432743931 -0.013093910004759155 -0.00500763913836621 0.0044599936100132315 -0.9999774427482633 -0.009120079809879895 -0.504747098607836 0.86324361515129 0.0063778029585700525 -0.36339038174555344 0.0 0.0 0.0 1.0]
Frame:50, T_inverse:[0.835656372325756 0.5492492640253839 -0.0019186727109038971 -0.014260699237042712 -0.005163331077898592 0.004362638523866635 -0.999977075711889 -0.009117313072685906 -0.549228347482395 0.8356471213449724 0.006481632736248589 -0.36267441768710645 0.0 0.0 0.0 1.0]
Frame:51, T_inverse:[0.8057669197820803 0.5922301823967209 -0.0017614903603744123 -0.015390256024273293 -0.005315401520937749 0.0042577180264088115 -0.9999767443060895 -0.009114803722923535 -0.5922089329104069 0.8057575111556854 0.006578677774847639 -0.3618982704805751 0.0 0.0 0.0 1.0]
Frame:52, T_inverse:[0.7736664276257575 0.6335910394065649 -0.001599073334342361 -0.016479160001476718 -0.005460674346399444 0.004144297115975451 -0.999976369955177 -0.009111656214565878 -0.6335695273568952 0.7736568311559308 0.006666168573491782 -0.3610638855975311 0.0 0.0 0.0 1.0]
Frame:53, T_inverse:[0.7394394397065555 0.67322153563009 -0.001432624488491475 -0.017526085086000554 -0.0056006131723228755 0.00402355035393392 -0.9999762257964948 -0.009108523354934676 -0.6731998065033318 0.7394298584090256 0.006745631595079752 -0.36017317166744284 0.0 0.0 0.0 1.0]
Frame:54, T_inverse:[0.703195397953951 0.7109954437496675 -0.001262307939214543 -0.01851964219480779 -0.0057339826325084955 0.0038958854009032984 -0.9999757842722956 -0.009105260063991759 -0.7109734340697818 0.7031855567678106 0.006816456661399985 -0.35922916704669355 0.0 0.0 0.0 1.0]
Frame:55, T_inverse:[0.6650232995896026 0.7468217827601359 -0.0010883332202773525 -0.01946289142340622 -0.00585987701660655 0.0037608647702793473 -0.9999757164310469 -0.009101523017476007 -0.7467996211453932 0.6650134679489044 0.006877368264416162 -0.3582345660233417 0.0 0.0 0.0 1.0]
Frame:56, T_inverse:[0.6250346886381629 0.7805963917511236 -0.0009110879664140593 -0.02035000219697538 -0.005979162411514295 0.003620501530139549 -0.9999755191466807 -0.009098049353164163 -0.780574066757263 0.6250248200555474 0.006930267597061787 -0.3571920758729026 0.0 0.0 0.0 1.0]
Frame:57, T_inverse:[0.5833249095653618 0.8122385329626413 -0.0007307067550734705 -0.021185061273974157 -0.006090191275104126 0.0034742610109913014 -0.9999753357312906 -0.009094239697613579 -0.8122160553143871 0.5833149670224478 0.0069733408584478134 -0.35610429627842727 0.0 0.0 0.0 1.0]
Frame:58, T_inverse:[0.5400021396571172 0.8416634312935374 -0.0005494274755785989 -0.02196791251466313 -0.006194518427369792 0.0033215614103292625 -0.9999752708935462 -0.009090411621298634 -0.8416408483906339 0.5399922214862969 0.007007348814594789 -0.3549738842309795 0.0 0.0 0.0 1.0]
Frame:59, T_inverse:[0.4952252579553619 0.8687644865173115 -0.0003658473017883446 -0.02267966894522324 -0.006289388846895187 0.0031641108268290865 -0.99997516711353 -0.009086160169554054 -0.8687418172363108 0.49521523606667284 0.007030969841476211 -0.35380514730278373 0.0 0.0 0.0 1.0]
Frame:60, T_inverse:[0.4490718328565994 0.8934956016714964 -0.00018293990753896807 -0.023336962562130054 -0.0063768827485137436 0.0030003681714225847 -0.9999750681264229 -0.009081785878294803 -0.8934728355302036 0.4490617853405872 0.007045143079067682 -0.3525999666553735 0.0 0.0 0.0 1.0]
Frame:61, T_inverse:[0.4016907317421984 0.9157754030173053 2.221544222386805e-06 -0.02392881666871703 -0.006455460265675612 0.0028339845478825686 -0.9999751502101424 -0.009077551585278808 -0.9157526659586885 0.40168078060787626 0.00705011934391014 -0.35136239597281643 0.0 0.0 0.0 1.0]
Frame:62, T_inverse:[0.3532109477339366 0.9355436194469546 0.0001860744111844101 -0.024454332918550287 -0.006524858215285153 0.002662459647034726 -0.9999750126320613 -0.009072877723190646 -0.9355208574163097 0.35320084147523323 0.007044787437676272 -0.3500957573348511 0.0 0.0 0.0 1.0]
Frame:63, T_inverse:[0.30377950765942713 0.9527422519571377 0.0003707231133527278 -0.024906761739752408 -0.006585644877904005 0.002488965467017734 -0.9999751694281072 -0.009068496569478064 -0.9527195827605499 0.30376949133138836 0.007030551842871421 -0.3488032163341401 0.0 0.0 0.0 1.0]
Frame:64, T_inverse:[0.25348941383472856 0.9673379731474586 0.000553869959344291 -0.025300598974270238 -0.006636871684313379 0.0023117476014826877 -0.9999752834306701 -0.009063781088609304 -0.9673154041215057 0.2534794952476619 0.007006108022310757 -0.3474877894509507 0.0 0.0 0.0 1.0]
Frame:65, T_inverse:[0.20251053353723542 0.9792797027976473 0.0007350640186686414 -0.02562321156517545 -0.0066792915044741625 0.0021320029514790254 -0.9999752781447738 -0.009059155014592386 -0.9792571671455231 0.20250048805983406 0.006972774797342379 -0.34615394495805746 0.0 0.0 0.0 1.0]
Frame:66, T_inverse:[0.150980129955911 0.9885362809029044 0.000914713789220116 -0.02587417102429914 -0.006712086764115474 0.0019505253800368514 -0.9999754610160739 -0.00905449190360994 -0.9885139630986477 0.15097021886914272 0.006929703276325282 -0.3448053580785914 0.0 0.0 0.0 1.0]
Frame:67, T_inverse:[0.09904102521997529 0.9950827089105883 0.001091666149187426 -0.02605259983286081 -0.006734664101050752 0.0017673525509637157 -0.9999757195849511 -0.009049508249977066 -0.995060558659442 0.09903126495712229 0.00687660173856457 -0.34344576022780465 0.0 0.0 0.0 1.0]
Frame:68, T_inverse:[0.04683019349485173 0.9989019852176267 0.0012659676564197762 -0.02615964077588157 -0.006748353061444472 0.0015837622527266294 -0.9999759115985637 -0.009044785998267326 -0.9988799926253069 0.04682046397867353 0.006815168531800321 -0.3420786569730012 0.0 0.0 0.0 1.0]
Frame:69, T_inverse:[-0.005524236845113104 0.9999836307070331 0.001436596755142244 -0.026200285665263594 -0.0067521324501592685 0.0013993541871854917 -0.9999761722178409 -0.009039941947189184 -0.9999618573596493 -0.005533875429641133 0.006744362198081218 -0.34070746002097185 0.0 0.0 0.0 1.0]
Frame:70, T_inverse:[-0.0578385541518239 0.9983246306075879 0.0016036653681212988 -0.02616063112765457 -0.006746720524379224 0.001215446852984464 -0.9999764881082562 -0.009035266673399678 -0.9983031288355488 -0.05784801644584317 0.00666512147035228 -0.3393368743289834 0.0 0.0 0.0 1.0]
Frame:71, T_inverse:[-0.11000349470565146 0.9939295721928223 0.0017660296747424628 -0.026052219443671507 -0.0067310506431535995 0.0010318545627285253 -0.9999767540576789 -0.009030374438986055 -0.9939083449338326 -0.11001287751519204 0.006576729765536486 -0.3379698771673769 0.0 0.0 0.0 1.0]
Frame:72, T_inverse:[-0.16187149138592694 0.9868099756223186 0.001923180402260348 -0.025874085266439445 -0.006705663826081167 0.0008488840858598827 -0.999977141489713 -0.00902547206329985 -0.9867890774826558 -0.16188069439144223 0.006479813291663322 -0.33661039623069183 0.0 0.0 0.0 1.0]
Frame:73, T_inverse:[-0.21329059916541587 0.9769864512008637 0.0020751611459562803 -0.025623142201782335 -0.006671081558449067 0.0006677260651631008 -0.9999774013090573 -0.009020718206836963 -0.9769658698762556 -0.2132997740986224 0.006375292022310283 -0.3352616250785752 0.0 0.0 0.0 1.0]
Frame:74, T_inverse:[-0.2641352062637039 0.9644828601274924 0.0022221702356544954 -0.02530540436341517 -0.006627414228994022 0.0004891362594040277 -0.9999777114581843 -0.009016104608820717 -0.9644626446673418 -0.2641442949276431 0.006263063403662905 -0.33392756671670465 0.0 0.0 0.0 1.0]
Frame:75, T_inverse:[-0.31426510590087336 0.9493322685538897 0.002361480118603038 -0.024921740815206612 -0.006573552291443963 0.00031143036584415696 -0.9999782674529484 -0.009011406312565355 -0.9493124129510017 -0.3142738699530118 0.006142697920422409 -0.3326119238153942 0.0 0.0 0.0 1.0]
Frame:76, T_inverse:[-0.36350232113525294 0.9315898167963305 0.002496121252074669 -0.024458631789175875 -0.006511264380933582 0.00013876584866740925 -0.9999787429612437 -0.009006811060378343 -0.931570425477417 -0.3635109451099366 0.006015481820398441 -0.33131933036528716 0.0 0.0 0.0 1.0]
Frame:77, T_inverse:[-0.41175637599711207 0.9112901086490145 0.0026234713900344002 -0.02393319219727858 -0.00643998635326038 -3.099919129998746e-05 -0.9999792077348812 -0.009002397673242658 -0.9112711638884464 -0.41176477412254425 0.005881521786211775 -0.330052181270476 0.0 0.0 0.0 1.0]
Frame:78, T_inverse:[-0.4588888211675712 0.8884893278303616 0.002743214099002212 -0.023344557226629644 -0.006359616301182114 -0.0001970867693122283 -0.999979661788181 -0.008998038835284435 -0.888470753425448 -0.45889708901744136 0.0057410397184186526 -0.3288139978647617 0.0 0.0 0.0 1.0]
Frame:79, T_inverse:[-0.5047529270196511 0.8632591575230376 0.0028555596985202574 -0.022688090295189787 -0.0062710110235933625 -0.00035889535656915487 -0.9999802744484277 -0.008993882400377858 -0.8632411084794411 -0.5047608395091417 0.005594639887031223 -0.3276088192497137 0.0 0.0 0.0 1.0]
Frame:80, T_inverse:[-0.5492475148538958 0.8356544677664528 0.0029596849947657283 -0.021974754267141013 -0.006173356707989667 -0.0005158508334256522 -0.9999808158973547 -0.008989677689720078 -0.8356369278843998 -0.5492552302662256 0.005442121896953104 -0.326439204988651 0.0 0.0 0.0 1.0]
Frame:81, T_inverse:[-0.5922231556124047 0.8057681920246539 0.003057433257887654 -0.021195656460224255 -0.006068696790844251 -0.0006660236409797571 -0.999981383344985 -0.008985635071458397 -0.8057511330786191 -0.5922306806877637 0.005284369173241544 -0.3253091970791007 0.0 0.0 0.0 1.0]
Frame:82, T_inverse:[-0.6335829640905899 0.7736683964470716 0.0031441944725360666 -0.020361622336357625 -0.00595514758546375 -0.000812926085655719 -0.999981935192874 -0.008981930397316705 -0.7736518461031356 -0.6335902524803915 0.005122380927011278 -0.32422114592967555 0.0 0.0 0.0 1.0]
Frame:83, T_inverse:[-0.6732088747164541 0.7394453405470826 0.0032237071772115477 -0.01947286296089409 -0.005834701198552668 -0.0009525025948716003 -0.9999825128692984 -0.008978268699572932 -0.7394293884617827 -0.673215870963805 0.004955672110162822 -0.3231776368224139 0.0 0.0 0.0 1.0]
Frame:84, T_inverse:[-0.7109772234585151 0.7032073535592084 0.003294314910235301 -0.018525292849711175 -0.005707047165173339 -0.0010855066033317114 -0.9999831192406807 -0.008974737437276614 -0.7031919068410133 -0.7109840353356428 0.004784971935537526 -0.322182631195978 0.0 0.0 0.0 1.0]
Frame:85, T_inverse:[-0.746806540783631 0.6650329347258372 0.003355951067063528 -0.01753112996916395 -0.005572195054714144 -0.0012111670761239149 -0.9999837556197798 -0.008971203537119091 -0.6650180226505878 -0.7468131007051991 0.004610171193158291 -0.3212381402508694 0.0 0.0 0.0 1.0]
Frame:86, T_inverse:[-0.7805920133082539 0.6250314184816907 0.003408239834456932 -0.016490707756441098 -0.005431340883536617 -0.0013302233035172354 -0.9999842871969477 -0.008968104747531893 -0.625017111175216 -0.7805983690266651 0.004433246443240581 -0.3203469944973838 0.0 0.0 0.0 1.0]
Frame:87, T_inverse:[-0.8122337690215387 0.5833217805122981 0.003451024085826409 -0.015403029669195491 -0.005284235749432837 -0.0014418315322428541 -0.9999849584072078 -0.00896517384801566 -0.5833080368276727 -0.8122398521701831 0.004253547773096518 -0.31951181514222426 0.0 0.0 0.0 1.0]
Frame:88, T_inverse:[-0.8416507998433859 0.5400109189798203 0.0034851646381035676 -0.014273839236390723 -0.005132270709330385 -0.001545282264515461 -0.9999856364615577 -0.008962446996067118 -0.5399978069665562 -0.841656612610068 0.004072055042180833 -0.31873484164964566 0.0 0.0 0.0 1.0]
Frame:89, T_inverse:[-0.8687557462143037 0.4952285014899121 0.0035084123456048215 -0.01310236631538029 -0.004974116210623332 -0.0016415595383085235 -0.9999863321525988 -0.00896009686502871 -0.49521594267483643 -0.868761269682795 0.0038893653916993653 -0.31801822766215987 0.0 0.0 0.0 1.0]
Frame:90, T_inverse:[-0.8934845019756102 0.4490796057447969 0.003522237118930017 -0.011898305510120381 -0.004811057394523815 -0.0017287620568520814 -0.9999867983660717 -0.008957758194448181 -0.44906766992499264 -0.8934899159130808 0.0037054389504853316 -0.31736362582263516 0.0 0.0 0.0 1.0]
Frame:91, T_inverse:[-0.9157577059293316 0.4017153802092245 0.003527052466927512 -0.01065638274479929 -0.004644294746889064 -0.0018073038686721623 -0.9999875615377345 -0.008955716792780755 -0.4017040085363382 -0.9157627166690638 0.003520827119236136 -0.31677339385429865 0.0 0.0 0.0 1.0]
Frame:92, T_inverse:[-0.9355331314976437 0.35322106392444097 0.003522855605746664 -0.009395124172008221 -0.004474165919009685 -0.001876719510379646 -0.9999882014440168 -0.008953895581432432 -0.3532103140578888 -0.9355379234944696 0.003336212058655742 -0.31624837440772785 0.0 0.0 0.0 1.0]
Frame:93, T_inverse:[-0.9527321871724859 0.30379073501021964 0.003508734665334635 -0.008097326318153913 -0.0043004473404304735 -0.0019370432451725843 -0.9999887803517002 -0.008952262723321737 -0.30378054559614553 -0.9527367599109199 0.0031520716281084648 -0.315790215658599 0.0 0.0 0.0 1.0]
Frame:94, T_inverse:[-0.9673297857519538 0.2534963262360992 0.003483796468295929 -0.006787778504526637 -0.004122524452605781 -0.0019883845565323095 -0.9999894215498333 -0.008950752944870632 -0.25348675668397797 -0.9673341917415993 0.002968731182637909 -0.3154000805510276 0.0 0.0 0.0 1.0]
Frame:95, T_inverse:[-0.9792703786244379 0.20252757784984782 0.0034502227619136105 -0.005452799927481931 -0.003943229762865531 -0.002030792934806315 -0.9999901016963799 -0.008949763781488583 -0.20251858007393395 -0.9792743891784649 0.002787384665731192 -0.3150796040140644 0.0 0.0 0.0 1.0]
Frame:96, T_inverse:[-0.9885275566129947 0.1510020633043903 0.0034066627397227192 -0.004103450740743832 -0.0037614485003860266 -0.002063966243662323 -0.9999907705403188 -0.008949066788502144 -0.1509936550981829 -0.9885312917235686 0.0026082900141528548 -0.3148293514473161 0.0 0.0 0.0 1.0]
Frame:97, T_inverse:[-0.9950741319819543 0.09907493233027308 0.003354126354011979 -0.0027389742257919714 -0.0035784702234158976 -0.0020866686230503768 -0.999991303703843 -0.008948336300582182 -0.09906707907095874 -0.9950776642440137 0.002431122311832275 -0.314650143714587 0.0 0.0 0.0 1.0]
Frame:98, T_inverse:[-0.9988969270154534 0.046838205312068476 0.0032929675237065 -0.0013791444572822593 -0.003395055715595611 -0.0021001379626948377 -0.9999919900667602 -0.008947963270381967 -0.0468309173909932 -0.9989002078382421 0.002256978541060326 -0.31454226045777134 0.0 0.0 0.0 1.0]
Frame:99, T_inverse:[-0.999979405655528 -0.005493801272219131 0.003221742291636122 -5.107438561081136e-06 -0.00321022582308707 -0.0021036174533291285 -0.9999924806704988 -0.008947775396948162 0.005500538820071625 -0.9999825580889388 0.002086260492114615 -0.31450633801139677 0.0 0.0 0.0 1.0]
Frame:100, T_inverse:[-0.9983228462659869 -0.05780363739437062 0.0031429557791332855 0.0013713060267550729 -0.003026750561957408 -0.002097712735845111 -0.9999931733604376 -0.008947851817991846 0.05780983735150326 -0.9983257103043488 0.0019193861289819166 -0.31454216243574706 0.0 0.0 0.0 1.0]
Frame:101, T_inverse:[-0.9939288471914516 -0.10998236653650398 0.0030534519033743115 0.00273523422146288 -0.002841694473942626 -0.0020820832004367564 -0.9999937885993756 -0.008948216394148322 0.10998803928356177 -0.9939313628211782 0.0017568789876724982 -0.31464979326838405 0.0 0.0 0.0 1.0]
Frame:102, T_inverse:[-0.9868106753785971 -0.16184991101313503 0.002957837783455397 0.00409484828529781 -0.0026599516272913567 -0.002057014423645153 -0.999994176399084 -0.008948850484764468 0.16185507968989682 -0.9868131067981505 0.0015996650395466588 -0.31482874621086004 0.0 0.0 0.0 1.0]
Frame:103, T_inverse:[-0.9769872466795873 -0.21327866572572862 0.002852082632661129 0.005441551502412683 -0.0024777911045202015 -0.0020222225769456073 -0.9999948971287155 -0.008949749067781477 0.21328334026998527 -0.9769893007668087 0.0014472322209479686 -0.31507825706596837 0.0 0.0 0.0 1.0]
Frame:104, T_inverse:[-0.9644871495919418 -0.2641146759009784 0.002739700738945754 0.006776193910478046 -0.0022989625721493274 -0.00197768791151756 -0.9999952734584125 -0.00895071314888629 0.2641188818629633 -0.964489147559212 0.0013004972759074604 -0.31539792819020146 0.0 0.0 0.0 1.0]
Frame:105, T_inverse:[-0.9493439084537723 -0.31422844194401844 0.0026197342995209383 0.008091546743882629 -0.0021224477578171068 -0.0019247337894035073 -0.9999959630734963 -0.00895221135695408 0.3142321916351634 -0.9493455070850046 0.0011602068364167245 -0.31578717189945904 0.0 0.0 0.0 1.0]
Frame:106, T_inverse:[-0.9315946800445193 -0.36349023970710725 0.0024925960906582653 0.009381519162217931 -0.00194922749846917 -0.001861657059103704 -0.9999963705923699 -0.008953612380223325 0.36349354173561427 -0.9315961388827813 0.0010257999722254024 -0.31624480684700346 0.0 0.0 0.0 1.0]
Frame:107, T_inverse:[-0.9112998121988968 -0.4117365178895855 0.002357908051346704 0.010652443798289828 -0.0017786744566380456 -0.00178994089072436 -0.9999967913943579 -0.00895554075016968 0.41173941659815677 -0.9113011455190052 0.0008988775079670842 -0.31676929201892895 0.0 0.0 0.0 1.0]
Frame:108, T_inverse:[-0.8885020929810387 -0.4588669707242603 0.0022174229760056697 0.011889754494187372 -0.0016125834380363933 -0.0017098885152101414 -0.9999972175447845 -0.008957727310167153 0.4588694858743146 -0.8885032632502515 0.0007793667274273076 -0.31735951195376116 0.0 0.0 0.0 1.0]
Frame:109, T_inverse:[-0.8632706326036981 -0.5047367453048922 0.002071400621809549 0.013095614358826849 -0.0014517292046870836 -0.0016208616140092004 -0.9999975300245774 -0.008959878833277863 0.5047389248554087 -0.8632716650325055 0.0006666930574268724 -0.3180138273960487 0.0 0.0 0.0 1.0]
Frame:110, T_inverse:[-0.8356761604099177 -0.5492193544695803 0.0019194662480148548 0.014267049007194443 -0.0012952711881044849 -0.0015241026079326051 -0.9999980856618294 -0.008962480662269024 0.5492211603466667 -0.8356768957754941 0.0005621637749499119 -0.3187302932920235 0.0 0.0 0.0 1.0]
Frame:111, T_inverse:[-0.8057801699614384 -0.592212231335035 0.0017616227733992375 0.015393394063656399 -0.0011434335368460447 -0.0014188869430853063 -0.9999983483055161 -0.00896539721946854 0.5922137737186173 -0.8057808076627926 0.00046609946481679344 -0.31950731359993695 0.0 0.0 0.0 1.0]
Frame:112, T_inverse:[-0.773682492268245 -0.6335712854782858 0.0015983145126570607 0.01648155800157845 -0.0009970634557600435 -0.0013050747892941748 -0.9999985542232633 -0.008968294819931276 0.6335725563224264 -0.7736831155713719 0.0003781252607909388 -0.32034222438898063 0.0 0.0 0.0 1.0]
Frame:113, T_inverse:[-0.7394629734439402 -0.6731954951143235 0.0014318716263742595 0.01752396373743973 -0.0008579563395520024 -0.0011844874395874794 -0.9999988740647019 -0.008971326455926087 0.6731964935282695 -0.7394634907955334 0.00029844517017226044 -0.3212324671892172 0.0 0.0 0.0 1.0]
Frame:114, T_inverse:[-0.703218423115475 -0.7109724526937407 0.0012614861664568637 0.01851908275982511 -0.0007248675733184596 -0.0010572196807843593 -0.9999990719443937 -0.008974778835094045 0.7109731769987767 -0.7032189173359209 0.00022831259988180825 -0.3221760819332271 0.0 0.0 0.0 1.0]
Frame:115, T_inverse:[-0.6650434956444393 -0.7468037086339001 0.0010873942306347858 0.019463388191940705 -0.0005991320295985061 -0.0009224696778923991 -0.9999993264722167 -0.008978162027245095 0.7468042748203658 -0.6650438150646943 0.00016613963281194696 -0.32317065249511756 0.0 0.0 0.0 1.0]
Frame:116, T_inverse:[-0.6250488422889612 -0.780585036879421 0.0009107885393657911 0.020355630265128464 -0.0004804789403240851 -0.0007820427509685814 -0.9999995747648499 -0.008981865719658534 0.7805854462011754 -0.6250490717055964 0.00011379031723501792 -0.3242132254950464 0.0 0.0 0.0 1.0]
Frame:117, T_inverse:[-0.5833346080013302 -0.8122315372900099 0.00073108460267364 0.021189488944682047 -0.000368962008641284 -0.0006350581511437161 -0.999999698950324 -0.008985689276013082 0.8122317296891947 -0.583334773145139 7.085028342321689e-05 -0.3253012034070952 0.0 0.0 0.0 1.0]
Frame:118, T_inverse:[-0.5400228973056196 -0.8416501572492432 0.0005484864303258833 0.021965928634152882 -0.00026486584541869217 -0.00048173520626028436 -0.9999998765910629 -0.008989698518202393 0.8416502525199309 -0.5400229650441523 3.722408491449798e-05 -0.3264314549615075 0.0 0.0 0.0 1.0]
Frame:119, T_inverse:[-0.49523794677504884 -0.8687572531641229 0.00036680017061774695 0.022685155232512404 -0.00017005568172528588 -0.0003252363248895031 -0.9999999248950717 -0.008993847800521376 0.8687573151324433 -0.4952380047981768 1.338512675579866e-05 -0.3276006900566748 0.0 0.0 0.0 1.0]
Frame:120, T_inverse:[-0.44917253242842564 -0.8934450268914051 0.0001825375042431873 0.023370358165283434 -8.273831373905831e-05 -0.00016270867006837005 -0.9999999666798117 -0.008998150662270532 0.8934450565228477 -0.4491725476669496 -8.338710053412085e-07 -0.3288038668135048 0.0 0.0 0.0 1.0]
Frame:121, T_inverse:[-0.39903204347651655 -0.9169369638777749 -1.3097605639391662e-05 0.022961196523737456 1.5970607312861416e-07 1.4212858288161324e-05 -0.9999999997979352 -0.009003277594710812 0.9169369640648121 -0.39903204340004866 -5.5273601813821695e-06 -0.33025074482917965 0.0 0.0 0.0 1.0]
