Frame:1, T_inverse:[-0.4136472990531234 -0.7926709259442644 -0.4478489082276216 0.022961245522740387 0.008962504660220392 0.48833622017300415 -0.8726095325998813 -0.009003258917380056 0.9103930440082907 -0.3649664634014348 -0.19489463006249466 -0.33025066555906135 0.0 0.0 0.0 1.0]
Frame:2, T_inverse:[-0.368104607840743 -0.8096699246306176 -0.45709266531327425 0.02443232196561232 0.009030771191302469 0.4884748201723139 -0.8725312822018767 -0.00900719206172877 0.9297405728280413 -0.325310667263983 -0.1724979100516407 -0.33131234787172065 0.0 0.0 0.0 1.0]
Frame:3, T_inverse:[-0.3190053626827694 -0.8254764602499534 -0.46564391896870994 0.02491335970729821 0.00909412239517987 0.48862491425299154 -0.8724465793224538 -0.009011788174154215 0.9477093011322556 -0.2825497445802134 -0.14836698702447415 -0.33260303835084415 0.0 0.0 0.0 1.0]
Frame:4, T_inverse:[-0.26895934596212173 -0.8390443334596489 -0.4729323342217101 0.02530039517639917 0.009148309144812152 0.4887784987375897 -0.8723598589735714 -0.009016399959515722 0.9631077963597146 -0.23895609298818143 -0.12378557009582473 -0.33391769527124465 0.0 0.0 0.0 1.0]
Frame:5, T_inverse:[-0.21818800986374148 -0.8503094477166705 -0.47892347068692614 0.025622230176337735 0.009193649460670424 0.4889345070491109 -0.8722720311504086 -0.00902120868805064 0.9758633641388436 -0.19472241583559938 -0.09886216746192562 -0.33525095049876535 0.0 0.0 0.0 1.0]
Frame:6, T_inverse:[-0.16681372138197575 -0.8592450886582024 -0.48360210421625316 0.025872121741789295 0.009229207486903375 0.4890922526721642 -0.8721832125133271 -0.009025957681935 0.9859451762446211 -0.14995543657182087 -0.07365712596611523 -0.33659914794098034 0.0 0.0 0.0 1.0]
Frame:7, T_inverse:[-0.11498062000721924 -0.8658254715667252 -0.4869553826488702 0.026050572314113053 0.009254949663112268 0.48925163075660993 -0.8720935061907973 -0.009030673528600586 0.9933245391510379 -0.10478066128402964 -0.04824124780789351 -0.3379587706704995 0.0 0.0 0.0 1.0]
Frame:8, T_inverse:[-0.06283326300022543 -0.8700324708796563 -0.4889735942188288 0.0261579206849907 0.009271357562276527 0.48941185208330595 -0.8720033692767163 -0.009035472983204373 0.9979808090698999 -0.05932439117157014 -0.022684884749095607 -0.33932590390789696 0.0 0.0 0.0 1.0]
Frame:9, T_inverse:[-0.01050538112479551 -0.8718550045367806 -0.48965130164782333 0.026190763663624075 0.00927808080859976 0.48957227440855233 -0.8719133370746779 -0.00904028608727708 0.999901712927182 -0.013702835180456683 0.00294601509285336 -0.3406972439509567 0.0 0.0 0.0 1.0]
Frame:10, T_inverse:[0.041824575953252195 -0.8712877256612114 -0.48898713321358256 0.026160958158458928 0.009275251409883568 0.48973290520539486 -0.8718231692566425 -0.009045101913270178 0.9990819222522908 0.03192814458029768 0.028564288758000253 -0.342067776515818 0.0 0.0 0.0 1.0]
Frame:11, T_inverse:[0.09406437336143901 -0.8683317819512337 -0.48698208918926156 0.02605103773005366 0.009262980096621099 0.48989320588346097 -0.8717331781350239 -0.00905000437322384 0.9955228950042128 0.07748803632153531 0.05412489466574079 -0.3434352430026543 0.0 0.0 0.0 1.0]
Frame:12, T_inverse:[0.14604630061518895 -0.862994912648008 -0.48364259872167453 0.02586970436563935 0.009240541100116122 0.4900532992746612 -0.8716434410931428 -0.009054700095663023 0.9892345706301613 0.12283115510169473 0.07954503607002184 -0.3447955276133103 0.0 0.0 0.0 1.0]
Frame:13, T_inverse:[0.19761160249219625 -0.8552951237173007 -0.478977963947057 0.025623131869740697 0.009209042528413649 0.4902114335752973 -0.8715549090579118 -0.009059474961723232 0.9802370945796925 0.1678183928068847 0.10474792715842803 -0.34614333642657225 0.0 0.0 0.0 1.0]
Frame:14, T_inverse:[0.24864615381454486 -0.8452487736328799 -0.4730003984846212 0.02530253280817767 0.009167696938554949 0.4903688813792625 -0.871466707940303 -0.00906417697809283 0.9685509073268335 0.21235043025514577 0.1296773636936111 -0.3474766614608867 0.0 0.0 0.0 1.0]
Frame:15, T_inverse:[0.29899086050858986 -0.8328882400891874 -0.4657269927139013 0.024915642378842265 0.009117361035951696 0.49052357626291826 -0.8713802546286299 -0.009068849321068197 0.9542124045367504 0.256288530983627 0.15425581311476563 -0.34879128809576465 0.0 0.0 0.0 1.0]
Frame:16, T_inverse:[0.34852652325240324 -0.8182418907720507 -0.45717549518487605 0.02445658140986959 0.009057663038638487 0.49067596893057464 -0.8712949985336207 -0.009073416113969043 0.9372551070099495 0.2995284334822707 0.17842496295693427 -0.35008405349922983 0.0 0.0 0.0 1.0]
Frame:17, T_inverse:[0.3971058132489724 -0.8013526182768181 -0.44737105724970466 0.023930824015829626 0.008988832632439228 0.49082555204691425 -0.8712114651145133 -0.00907788435572475 0.9177287713854729 0.3419417931217001 0.2021129212908688 -0.35135106701463864 0.0 0.0 0.0 1.0]
Frame:18, T_inverse:[0.44458265449787226 -0.7822727915356319 -0.43634321587098346 0.02334494896679455 0.008911206304519326 0.49097138941678514 -0.8711300711778573 -0.009082195248542686 0.8956933992310937 0.38340089097157254 0.22524840004955546 -0.35258870414887705 0.0 0.0 0.0 1.0]
Frame:19, T_inverse:[0.49086322316354486 -0.7610390597845708 -0.4241141656313246 0.022686264633318905 0.008825133972376891 0.49111389210990586 -0.8710506700860257 -0.009086530467004675 0.8711919147553452 0.4238238544828064 0.2477860279079371 -0.35379433380083436 0.0 0.0 0.0 1.0]
Frame:20, T_inverse:[0.535779822333082 -0.7377281259526888 -0.41072755029476915 0.021972927997027634 0.008730391180590434 0.4912520889117077 -0.8709736664247376 -0.009090636022955916 0.8443125789886136 0.463064278574011 0.26964363011525333 -0.3549637470088785 0.0 0.0 0.0 1.0]
Frame:21, T_inverse:[0.5792391180629902 -0.7123894157121412 -0.3962112519820741 0.021194621350297344 0.008627828332329598 0.4913854139511635 -0.8708994879369946 -0.009094570413876176 0.8151119761623689 0.5010405803704259 0.2907760542681317 -0.35609437331777194 0.0 0.0 0.0 1.0]
Frame:22, T_inverse:[0.6211030873812275 -0.6851021746818232 -0.38061263867753914 0.020361615628012968 0.008516914202804203 0.4915147697809505 -0.8708276252609604 -0.009098441002966421 0.783682598565889 0.5376320998138302 0.31111631036452647 -0.3571826462715399 0.0 0.0 0.0 1.0]
Frame:23, T_inverse:[0.6612708983503682 -0.6559330073410621 -0.363967910493883 0.019469923207796353 0.008398466676450883 0.49163858645354774 -0.8707587902486744 -0.009102103667636844 0.7501001277382097 0.572750668215011 0.3306151281278222 -0.35822535995475346 0.0 0.0 0.0 1.0]
Frame:24, T_inverse:[0.6996188005613633 -0.6249720381703344 -0.3463283915006304 0.018528487300455296 0.008272877272286925 0.4917562129034437 -0.8706934422330969 -0.00910543085318888 0.7144683016063821 0.6062882873266415 0.34921226455877186 -0.35921985521368627 0.0 0.0 0.0 1.0]
Frame:25, T_inverse:[0.7360538380339775 -0.5922944044705858 -0.32773784214521406 0.017533936453669862 0.00814094885101541 0.49186862831613404 -0.8706313279095014 -0.009108879932970463 0.6768740625258681 0.6381634517415922 0.3668636390117391 -0.3601638981780168 0.0 0.0 0.0 1.0]
Frame:26, T_inverse:[0.770474861747199 -0.5579893345330096 -0.30824728828730596 0.01648944362138668 0.008001655935367669 0.49197482748934357 -0.8705726590479853 -0.009111950914934447 0.63742015624379 0.6682878138678595 0.3835190879657965 -0.36105481406076373 0.0 0.0 0.0 1.0]
Frame:27, T_inverse:[0.8027810741132516 -0.5221575852403774 -0.2879130405008517 0.015401180957117379 0.007856575611875883 0.4920747173176075 -0.8705173809331459 -0.009114992497124828 0.5962220426616491 0.6965728311882069 0.3991306567921712 -0.3618897427845695 0.0 0.0 0.0 1.0]
Frame:28, T_inverse:[0.8328843438530374 -0.48489797703099136 -0.2667911200406377 0.014272381387583919 0.0077058358826113844 0.4921672270121852 -0.8704664416585658 -0.009117608361859186 0.553393306764528 0.7229420332976689 0.4136549487145611 -0.3626666763159972 0.0 0.0 0.0 1.0]
Frame:29, T_inverse:[0.8607074290394161 -0.446305615409892 -0.24493670495742778 0.013102722473123133 0.007549433682370109 0.4922534529038855 -0.8704191333708581 -0.009120200425826985 0.5090438818864508 0.7473270945810746 0.42705557560860435 -0.3633836603789883 0.0 0.0 0.0 1.0]
Frame:30, T_inverse:[0.8861672633276253 -0.40649628387789477 -0.22241476310826308 0.011900329531559848 0.007387946614210643 0.4923326259830454 -0.8703757475347417 -0.00912263183531372 0.4633065642616567 0.7696553430000755 0.4392922278354242 -0.3640384287431291 0.0 0.0 0.0 1.0]
Frame:31, T_inverse:[0.909203438072058 -0.36556442330577765 -0.19927818081377494 0.01066115194212871 0.007221977032330685 0.4924039837753112 -0.8703367688489535 -0.00912468539470526 0.41628953104223904 0.7898740142041499 0.45033549763246633 -0.364629313578325 0.0 0.0 0.0 1.0]
Frame:32, T_inverse:[0.9297471429598837 -0.32363090519638044 -0.17559404824220726 0.009392968733540473 0.007053119892173909 0.49246706398826084 -0.8703025152799178 -0.009126437192046583 0.3681310664247992 0.8079228049270144 0.4601524525359675 -0.36515476820305964 0.0 0.0 0.0 1.0]
Frame:33, T_inverse:[0.9477434053310972 -0.2808063038718508 -0.15142736180642943 0.008097328347807544 0.006880089304378549 0.4925230831217902 -0.8702721570330528 -0.009128186877040798 0.31895939362457804 0.8237529158931357 0.4687174634683628 -0.36561260439765864 0.0 0.0 0.0 1.0]
Frame:34, T_inverse:[0.9631373682560662 -0.2372230043111977 -0.1268528025076948 0.0067846999570713475 0.006703015805007583 0.4925708574790505 -0.8702465327088972 -0.009129461972267081 0.2689264905753057 0.8373166402434474 0.47600349025036326 -0.36600218356286646 0.0 0.0 0.0 1.0]
Frame:35, T_inverse:[0.9758922413370182 -0.1929895171366712 -0.1019285841189999 0.005452992158464938 0.006525025083632613 0.492610173734129 -0.8702255944745331 -0.009130490319292231 0.21815547599799776 0.8485813476533902 0.4819936677919148 -0.36632247684519775 0.0 0.0 0.0 1.0]
Frame:36, T_inverse:[0.9859731797980508 -0.14822382841927206 -0.07672406635626115 0.004105153222356803 0.006344086671785476 0.4926409902615555 -0.8702093893005725 -0.009131107042606695 0.16678320564191898 0.8575163415967001 0.486671162368053 -0.36657255707276815 0.0 0.0 0.0 1.0]
Frame:37, T_inverse:[0.9933520244037951 -0.10304965158149318 -0.051308399551383874 0.0027452915127121748 0.006161367172401169 0.4926641943208698 -0.8701975368877939 -0.009131712378266684 0.11495137861575311 0.8640963362928827 0.490023903465305 -0.36675189310489426 0.0 0.0 0.0 1.0]
Frame:38, T_inverse:[0.998008047779179 -0.057591963055704694 -0.025751448782420115 0.0013775300953209246 0.005977638501827677 0.4926797289832639 -0.8701901344369337 -0.009132339917180632 0.06280317925597037 0.8683028050834413 0.49204259473233064 -0.3668599093402813 0.0 0.0 0.0 1.0]
Frame:39, T_inverse:[0.9999282006002888 -0.011983392932041053 -0.00012698220157780416 8.720586526497033e-06 0.0057939686254778735 0.49268606299019546 -0.8701878399261717 -0.009132426571697954 0.010490365549169049 0.8701245704027182 0.4927201304975201 -0.36689627467559555 0.0 0.0 0.0 1.0]
Frame:40, T_inverse:[0.9991081735916805 0.033657415836457025 0.025496546311081537 -0.0013596973230934845 0.005609362122065436 0.4926843013144535 -0.8701900804245282 -0.009132387992618734 -0.04185009429630149 0.8695570301770297 0.492056114790104 -0.36686096526857886 0.0 0.0 0.0 1.0]
Frame:41, T_inverse:[0.9955483992292792 0.07922314371500645 0.051059278352306225 -0.002731596882176779 0.005424630977764694 0.49267370102716723 -0.8701971853611292 -0.009131906075749123 -0.09409532557142189 0.8666004066107442 0.4900507610162368 -0.36675399492543376 0.0 0.0 0.0 1.0]
Frame:42, T_inverse:[0.9892607866466926 0.1245576572219767 0.07647572953444971 -0.004090227056266752 0.005242244762860338 0.4926548995407022 -0.8702088430376181 -0.009131243769280109 -0.146067330133981 0.8612643358808453 0.4867112159050881 -0.3665755981458603 0.0 0.0 0.0 1.0]
Frame:43, T_inverse:[0.9802595094650234 0.16956082590070815 0.10168770179663934 -0.005441925634985956 0.005060784758795528 0.4926277699263339 -0.8702252689848238 -0.00913031715436447 -0.1976503128720807 0.8535612048284609 0.48204494447043883 -0.3663256716807285 0.0 0.0 0.0 1.0]
Frame:44, T_inverse:[0.9685717376519936 0.21409477883159173 0.12661821277328017 -0.006776890138103 0.004880894875905668 0.49259274418733634 -0.8702462216275035 -0.009129300799969459 -0.24868638621461533 0.8435139497456995 0.4760664624502726 -0.36600573997364705 0.0 0.0 0.0 1.0]
Frame:45, T_inverse:[0.9542380431954978 0.25801644147218256 0.15118617426541792 -0.008081961586703894 0.004702643065570632 0.49254877083348236 -0.8702721196598858 -0.009127808026912114 -0.2990110879396279 0.831157784297169 0.46879541393882806 -0.36561666211366534 0.0 0.0 0.0 1.0]
Frame:46, T_inverse:[0.9372772201496056 0.30126368699808587 0.17536120729789234 -0.009379690389681023 0.004529510857683468 0.4924981295459064 -0.8703015975599339 -0.009126442907505056 -0.34855536867438913 0.81650816684742 0.4602427166133146 -0.36515896354505717 0.0 0.0 0.0 1.0]
Frame:47, T_inverse:[0.9177527206548446 0.3436724091091157 0.19904585800029218 -0.01064561228613138 0.004357982254688302 0.49243802115233487 -0.8703365399286448 -0.00912437590363299 -0.3971284176583333 0.7996211739748682 0.4504385942455985 -0.3646345279181252 0.0 0.0 0.0 1.0]
Frame:48, T_inverse:[0.8957095750840818 0.3851455862894326 0.22218739536212395 -0.011885269035626759 0.004189164523523613 0.4923703012995425 -0.8703757170855472 -0.009122296188648807 -0.44461983090241236 0.7805346289626689 0.43940737034913374 -0.3640444972133633 0.0 0.0 0.0 1.0]
Frame:49, T_inverse:[0.8712085231303915 0.4255654761347765 0.24472389384221935 -0.013094002888530618 0.004026621454180507 0.4922959827273122 -0.8704185688598461 -0.009120078135566803 -0.4908966663796367 0.7593015092473002 0.42717884124850275 -0.36339041580131914 0.0 0.0 0.0 1.0]
Frame:50, T_inverse:[0.8443277584077149 0.46480573749129095 0.26658249569417725 -0.014260688360750957 0.0038693911792563114 0.49221406667853995 -0.8704654042191816 -0.009117461706206333 -0.535813038754486 0.7359895675693188 0.4137915080868437 -0.36267437008576264 0.0 0.0 0.0 1.0]
Frame:51, T_inverse:[0.8151300357960091 0.5027772095094837 0.2877116395906081 -0.015390277385548429 0.0037157903329780896 0.4921246578266138 -0.8705166771694791 -0.009114747972158796 -0.5792659643580343 0.7106533383728364 0.39927741307577586 -0.36189818000934637 0.0 0.0 0.0 1.0]
Frame:52, T_inverse:[0.783695989527577 0.5393728151818213 0.3080544146308459 -0.016479128483997657 0.003568498245994155 0.49202858786218345 -0.8705717043374044 -0.009111752655999304 -0.621134320954104 0.6833628099050999 0.3836760908074232 -0.36106389027139174 0.0 0.0 0.0 1.0]
Frame:53, T_inverse:[0.7501078938797113 0.5744959770363453 0.32755538216252045 -0.017526033837362946 0.0034267605582277367 0.4919255911916433 -0.8706304968463225 -0.009108567506735875 -0.6613065694648018 0.6541892277160937 0.36702860146705085 -0.36017306957492307 0.0 0.0 0.0 1.0]
Frame:54, T_inverse:[0.7144732264792628 0.6080345695506342 0.3461531485028746 -0.01851967447492748 0.003291491900744182 0.49181638442456443 -0.8706926976080909 -0.009105245231455915 -0.6996550631613851 0.6232259520213514 0.3493883111646773 -0.3592292057516699 0.0 0.0 0.0 1.0]
Frame:55, T_inverse:[0.6768795297307733 0.6399075074900796 0.3638027001838229 -0.019462903019950167 0.0031633139354614913 0.49170092031724755 -0.8707583957933543 -0.009101577615392783 -0.7360869580910135 0.5905493470527144 0.33079808140449446 -0.35823462459097816 0.0 0.0 0.0 1.0]
Frame:56, T_inverse:[0.6374368731877197 0.670022158047221 0.38045309553612194 -0.020350048581843066 0.003041872626496846 0.4915804310114194 -0.8708268134283839 -0.009098033912239454 -0.7704965584505704 0.5562544187685206 0.3113133748773899 -0.3571921109212081 0.0 0.0 0.0 1.0]
Frame:57, T_inverse:[0.5962393996369924 0.6983060578368244 0.396064731208538 -0.02118499059810496 0.0029284221667480854 0.49145494070888196 -0.8708980816372247 -0.009094299433456606 -0.8028013319688749 0.5204235743389312 0.29097987828256905 -0.3561043122632856 0.0 0.0 0.0 1.0]
Frame:58, T_inverse:[0.5533931015626941 0.7246849984039236 0.41059407650245455 -0.021967980724436693 0.002822288491588493 0.4913232085532553 -0.870972624659013 -0.00909020377903568 -0.8329152957873455 0.48314893138638376 0.26984965823233625 -0.3549738732544374 0.0 0.0 0.0 1.0]
Frame:59, T_inverse:[0.509055944398605 0.7490619792029589 0.42399060179743164 -0.022679833620053786 0.0027246051271053173 0.49118759687048014 -0.8710494578720402 -0.009086053070395114 -0.8607290111623275 0.44456803503704256 0.24800111426066337 -0.3538050519419519 0.0 0.0 0.0 1.0]
Frame:60, T_inverse:[0.4633048940676751 0.7713965658462802 0.4362289819835983 -0.023336976861269197 0.0026342089772270236 0.49104640948390565 -0.8711293209314097 -0.009081785401593418 -0.8861949358463436 0.4047475182816261 0.22547223058500362 -0.3525999954534969 0.0 0.0 0.0 1.0]
Frame:61, T_inverse:[0.4162871265246082 0.7916138634280198 0.4472722684843679 -0.023928766329770257 0.0025531829799225847 0.49090287371623365 -0.871210574884688 -0.009077507377812112 -0.9092296134631531 0.3638156796965405 0.2023354322607998 -0.3513624291387073 0.0 0.0 0.0 1.0]
Frame:62, T_inverse:[0.3681301056928908 0.8096609289809304 0.4570876654489738 -0.024454388243819184 0.0024808453489447943 0.49075450264221976 -0.8712942171513883 -0.009072927335290247 -0.9297708254916359 0.3218834916715156 0.17865293117264328 -0.35009570572125925 0.0 0.0 0.0 1.0]
Frame:63, T_inverse:[0.31898089728110873 0.8254831979614005 0.4656486618864153 -0.02490674946308758 0.0024173393198696734 0.49060414328266083 -0.8713792333961068 -0.009068485575403396 -0.9477580431910833 0.2790789588284106 0.15449786642107963 -0.34880318994834447 0.0 0.0 0.0 1.0]
Frame:64, T_inverse:[0.2689313400578065 0.8390508326810293 0.4729372390918109 -0.02530057126504986 0.002363174433536013 0.4904507076467763 -0.8714657163580655 -0.009063832539470094 -0.9631564440201241 0.23548205744759265 0.1299147537256984 -0.34748782684474455 0.0 0.0 0.0 1.0]
Frame:65, T_inverse:[0.2181503324723333 0.8503166777527802 0.4789276145754805 -0.02562333643628217 0.002318310298531835 0.49029445982078407 -0.8715536544967765 -0.009059063972981665 -0.9759122859677307 0.1912398721428029 0.1049866797970852 -0.34615387149786986 0.0 0.0 0.0 1.0]
Frame:66, T_inverse:[0.166775069360357 0.8592506957254201 0.48360539652376877 -0.025874309012157086 0.0022826111331835704 0.4901368117703142 -0.8716424706248291 -0.009054377200278187 -0.9859922827448694 0.14647206210024186 0.07978129525588079 -0.34480535731026557 0.0 0.0 0.0 1.0]
Frame:67, T_inverse:[0.11494861186222931 0.8658286784974623 0.4869573862630594 -0.026052533558267827 0.0022565819157387627 0.48997790108839184 -0.8717319332621144 -0.00904962240984948 -0.9933688881914756 0.10130323946958827 0.05436846598166212 -0.3434457727609731 0.0 0.0 0.0 1.0]
Frame:68, T_inverse:[0.06280644714350422 0.8700340102209284 0.48897475192892587 -0.026159460287718088 0.0022400576621507797 0.489817834446036 -0.8718219590925504 -0.009044837246043946 -0.998023271099908 0.05585141021255115 0.028814771023069972 -0.3420786854426537 0.0 0.0 0.0 1.0]
Frame:69, T_inverse:[0.01047604691538608 0.871855049907592 0.4896517303723588 -0.026200320511484642 0.002233723080500075 0.4896570658466628 -0.8719122077936498 -0.009039878690052664 -0.9999425402842343 0.0102278672960687 0.0031822300753931703 -0.340707397804941 0.0 0.0 0.0 1.0]
Frame:70, T_inverse:[-0.04185771514547227 0.8712860784610487 0.48898709511339783 -0.026160690494785598 0.00223633100173247 0.48949656144653525 -0.8720022979571943 -0.00903511926095201 -0.9991210271782538 -0.035406540620467136 -0.022437660202769362 -0.33933690144110346 0.0 0.0 0.0 1.0]
Frame:71, T_inverse:[-0.09408537348806915 0.8683294669052144 0.48698233258463575 -0.026052200022791464 0.002248693878707329 0.48933629248652827 -0.8720922494506559 -0.00903037143637775 -0.9955615853727312 -0.08095607308114444 -0.04799197915771424 -0.337969876100709 0.0 0.0 0.0 1.0]
Frame:72, T_inverse:[-0.14605991046454941 0.862992650809004 0.483642238223586 -0.02587404354301862 0.002270985096183465 0.4891765695978561 -0.8721817366854518 -0.009025534524131221 -0.9892729475643007 -0.12629262639959696 -0.07340882820220887 -0.33661030141410214 0.0 0.0 0.0 1.0]
Frame:73, T_inverse:[-0.19762940105676383 0.855291412243279 0.4789772809158762 -0.025623192203771888 0.002302501012267586 0.4890179453208739 -0.8722707158218012 -0.009020820564569055 -0.9802741308935394 -0.17128346487086862 -0.09861363713520417 -0.33526169779120074 0.0 0.0 0.0 1.0]
Frame:74, T_inverse:[-0.24866722483189055 0.845243703248094 0.4729985532067679 -0.025305551311756973 0.002343732710576084 0.4888614145874359 -0.8723583031419818 -0.009016074168774984 -0.9685861371315078 -0.21581835166657767 -0.12354482565514485 -0.3339275634227856 0.0 0.0 0.0 1.0]
Frame:75, T_inverse:[-0.2990322495149613 0.8328769210470113 0.4657206557268403 -0.024921765316637846 0.002394394267901604 0.48870585952941226 -0.8724453192562892 -0.009011468414667196 -0.9542399723843744 -0.2597741843719386 -0.14813304550346099 -0.332611840973327 0.0 0.0 0.0 1.0]
Frame:76, T_inverse:[-0.34854616598547933 0.8182351814954907 0.4571724978884152 -0.024458569059728177 0.002453935206961503 0.48855405092575827 -0.8725301356896786 -0.009006923272252288 -0.9372883255742768 -0.30299519807012054 -0.17229151188602737 -0.3313191973158325 0.0 0.0 0.0 1.0]
Frame:77, T_inverse:[-0.39711847529488503 0.80134744787362 0.44736901808668467 -0.023933193389933938 0.0025226651708439457 0.4884049278623078 -0.8726134599650952 -0.009002436463294424 -0.9177637987763828 -0.34540239537526013 -0.19597610617757566 -0.3300520631954431 0.0 0.0 0.0 1.0]
Frame:78, T_inverse:[-0.44460988594486783 0.7822608852132285 0.43633686903447694 -0.023344821037497996 0.0026007119055096325 0.4882583787811791 -0.8726952336978655 -0.008997993679300426 -0.8957205263084905 -0.3868741548083434 -0.2191189185955235 -0.3288140023422179 0.0 0.0 0.0 1.0]
Frame:79, T_inverse:[-0.49087087231827736 0.7610349879308204 0.424112537943859 -0.02268820822252099 0.002686620582288826 0.488116110106805 -0.8727745472295747 -0.00899382978581252 -0.8712281279498858 -0.4272802401218706 -0.24164657142726145 -0.3276088176565684 0.0 0.0 0.0 1.0]
Frame:80, T_inverse:[-0.5358003352483018 0.7377163841142164 0.41072174349373564 -0.02197467114409131 0.0027812763959035964 0.48797795501254604 -0.872851512498948 -0.008989720024410822 -0.8443400492073624 -0.4665318670362087 -0.2635105316371653 -0.3264392081615378 0.0 0.0 0.0 1.0]
Frame:81, T_inverse:[-0.5792480866422173 0.7123825530380253 0.396210268129695 -0.021195537932492535 0.0028835032579875614 0.48784504324979416 -0.8729254520758324 -0.008985731531810348 -0.8151461338778119 -0.5044979918663197 -0.2846374308101644 -0.3253091583463448 0.0 0.0 0.0 1.0]
Frame:82, T_inverse:[-0.6211158697815184 0.6850930274789947 0.380608012683177 -0.020361581327464743 0.0029950381603302185 0.4877151177100314 -0.8729976793851145 -0.00898190496801439 -0.7837129186494046 -0.5410928418147483 -0.30497942881744783 -0.3242211302944738 0.0 0.0 0.0 1.0]
Frame:83, T_inverse:[-0.6612842555272973 0.6559226064048562 0.3639623924051094 -0.019472955877080523 0.003113397233876983 0.48759133820020484 -0.8730664275095442 -0.0089781776737311 -0.7501289622246384 -0.5762119218365424 -0.3244786447327401 -0.32317769936840046 0.0 0.0 0.0 1.0]
Frame:84, T_inverse:[-0.6996267726545838 0.6249643945958532 0.3463249011289083 -0.01852536102540665 0.003239098757390014 0.48747347285002735 -0.873131653886407 -0.008974578749029618 -0.7145004787507977 -0.6097448958829629 -0.34307359826463957 -0.32218250550574357 0.0 0.0 0.0 1.0]
Frame:85, T_inverse:[-0.7360620584191802 0.5922857208865996 0.32773394782051973 -0.01753127968657043 0.0033717086144124378 0.48736132074737154 -0.8731937925896273 -0.008971205603449708 -0.6769051170758389 -0.6416200953946024 -0.36072499337614816 -0.3212379931709614 0.0 0.0 0.0 1.0]
Frame:86, T_inverse:[-0.7704830002251745 0.557980487236907 0.3082431748812502 -0.016490746590541033 0.0035104187803971973 0.48725514499434686 -0.8732526032853374 -0.008968138910409311 -0.63745094852084 -0.6717441546666517 -0.37738058031907534 -0.3203470146840443 0.0 0.0 0.0 1.0]
Frame:87, T_inverse:[-0.8027874834519387 0.5221497361996131 0.28790913923799466 -0.015403021771777064 0.0036556327345814285 0.48715527345013193 -0.8733077194887796 -0.00896521291980445 -0.5962538703079632 -0.7000280516368503 -0.3929908628881763 -0.319511780828677 0.0 0.0 0.0 1.0]
Frame:88, T_inverse:[-0.8328933776572296 0.48488565193055866 0.26678584942946526 -0.014273799892031336 0.003805981692873169 0.4870626777582618 -0.8733587579947617 -0.008962559298690597 -0.5534204986200915 -0.7263992549274129 -0.40751678594089075 -0.3187347834270296 0.0 0.0 0.0 1.0]
Frame:89, T_inverse:[-0.8607105054690543 0.4463000230492262 0.24493400750035094 -0.013102343904587173 0.003962653317686191 0.48697653431197835 -0.8734059272904477 -0.008959994844080079 -0.5090782331280129 -0.7507794901112488 -0.4209140865117806 -0.3180180021720575 0.0 0.0 0.0 1.0]
Frame:90, T_inverse:[-0.8861749198511842 0.40648368135747387 0.22240691802924326 -0.01189830937588704 0.004124160586917716 0.48689756591873873 -0.87344931830243 -0.008957735864243909 -0.46333230203686415 -0.773111731367929 -0.43315279286523406 -0.3173636388765062 0.0 0.0 0.0 1.0]
Frame:91, T_inverse:[-0.909202563598486 0.36556645147180356 0.1992783608206959 -0.010656233884475405 0.0042895520924897575 0.4868263491885766 -0.873488243153495 -0.008955668739075422 -0.4163319400070649 -0.7933229645496499 -0.44419187623173806 -0.31677344879082203 0.0 0.0 0.0 1.0]
Frame:92, T_inverse:[-0.9297512114410684 0.3236214287086661 0.1755892990745656 -0.009395126395637847 0.004458801419579806 0.4867627354584507 -0.8735227852225288 -0.008953920338701503 -0.36816103714019754 -0.8113761047726582 -0.45401114443541635 -0.3162484014174716 0.0 0.0 0.0 1.0]
Frame:93, T_inverse:[-0.9477390311318464 0.2808173208810495 0.15143463652599337 -0.008097435888585107 0.004631721039525463 0.48670724839226004 -0.8735528516417994 -0.008952212719608015 -0.31901310850257997 -0.8271987068717941 -0.4625721308359857 -0.3157902508627664 0.0 0.0 0.0 1.0]
Frame:94, T_inverse:[-0.9631390686652451 0.2372173157426657 0.1268494647955275 -0.006787686306718649 0.004808280704239809 0.48665934824538754 -0.8735785530122938 -0.008950879608272483 -0.2689604512498674 -0.8407678552924172 -0.4698611966098957 -0.3154000719139473 0.0 0.0 0.0 1.0]
Frame:95, T_inverse:[-0.9758935249546168 0.1929838473010515 0.10192600501092014 -0.005452908871716587 0.004987389971500607 0.48661947293119256 -0.8735997941224647 -0.008949855881244912 -0.2181898294817333 -0.8520321160434194 -0.475851272034449 -0.31507955699114104 0.0 0.0 0.0 1.0]
Frame:96, T_inverse:[-0.9859737402739597 0.14822064804941412 0.0767232048830209 -0.004103427784369832 0.00516819163506598 0.48658779747863046 -0.8736163947346932 -0.00894906720105557 -0.16682055303832372 -0.8609663235965015 -0.4805288292898627 -0.31482936633146974 0.0 0.0 0.0 1.0]
Frame:97, T_inverse:[-0.9933502642105434 0.1030617654090698 0.051316100248983934 -0.002738856215663037 0.00535058359047574 0.4865645587134894 -0.8736282442154754 -0.008948444680145629 -0.1150062649857051 -0.8675443130291786 -0.4838804445607476 -0.31465015093976784 0.0 0.0 0.0 1.0]
Frame:98, T_inverse:[-0.9980082934865743 0.0575866268647779 0.025749369962309025 -0.0013791858476916402 0.005534247218901766 0.48655014861575985 -0.8736351173101102 -0.008947921723368548 -0.0628380616834674 -0.8717526661976711 -0.4858997084171725 -0.3145422417457779 0.0 0.0 0.0 1.0]
Frame:99, T_inverse:[-0.9999280855850095 0.011983205011715594 0.00012816345539056013 -5.109974951770984e-06 0.005718795770216282 0.48654377942688243 -0.8736374550088254 -0.008947774430248606 -0.010531334425136778 -0.8735739972985889 -0.48657722538018316 -0.31450631202445506 0.0 0.0 0.0 1.0]
Frame:100, T_inverse:[-0.9991084704516823 -0.03364765398124484 -0.02548958655667507 0.0013711620156714743 0.00590273020666648 0.486545955825551 -0.8736349686825584 -0.008947845119293162 0.041797621595137786 -0.8730067671930153 -0.485913481861915 -0.3145421058398377 0.0 0.0 0.0 1.0]
Frame:101, T_inverse:[-0.9955498690180441 -0.07920859184507717 -0.051051242947439755 0.0027353178938446694 0.006087412620890548 0.48655665106436224 -0.8736277740725824 -0.008948162591133985 0.0940381478456853 -0.8700508708397502 -0.4839091499813152 -0.3146497018825339 0.0 0.0 0.0 1.0]
Frame:102, T_inverse:[-0.9892628495410581 -0.12454549107131173 -0.07646755339874393 0.004094827239255541 0.006269851031896153 0.48657529645911335 -0.8736161603625104 -0.00894881257290459 0.1460121714039681 -0.8647155171298968 -0.48056996827741943 -0.3148287995167765 0.0 0.0 0.0 1.0]
Frame:103, T_inverse:[-0.9802635325153986 -0.1695440562899587 -0.10167764165535179 0.005441612057938125 0.006452292868953879 0.4866026581492033 -0.8735996049667917 -0.008949690054060619 0.1975902270201978 -0.8570138355387305 -0.4759049398040865 -0.31507829779436 0.0 0.0 0.0 1.0]
Frame:104, T_inverse:[-0.9685786451255628 -0.21407159896586206 -0.12660476312153005 0.006776132594032786 0.006632124870677247 0.48663833201537127 -0.8735783447254092 -0.008950733004983459 0.24861904743440993 -0.8469689846953963 -0.4699277362674021 -0.3153980014788751 0.0 0.0 0.0 1.0]
Frame:105, T_inverse:[-0.9542389843380078 -0.25801345982503227 -0.15118506497067805 0.008091539759279771 0.006809318130249322 0.48668168480937746 -0.8735528369272612 -0.00895217174903486 0.29896739734878064 -0.8346076551542028 -0.4626537213406673 -0.315787120585298 0.0 0.0 0.0 1.0]
Frame:106, T_inverse:[-0.937280531739306 -0.3012564350834711 -0.1753555917261853 0.009381560351350881 0.006983440795331303 0.4867336239426572 -0.8735225022167089 -0.008953611076722521 0.3485057258818386 -0.8199603184309667 -0.4541021212575308 -0.3162447662962858 0.0 0.0 0.0 1.0]
Frame:107, T_inverse:[-0.917760418127879 -0.3436566624875906 -0.19903726684240955 0.010652396755027268 0.007155313838387762 0.4867933346397494 -0.8734878547524769 -0.008955530060978717 0.39706994893166203 -0.803076801490192 -0.44430066196172074 -0.3167692893873605 0.0 0.0 0.0 1.0]
Frame:108, T_inverse:[-0.895719944375661 -0.38512621803221897 -0.22217860131184722 0.011889736176877268 0.007322591736556566 0.48686045525771005 -0.8734490256921321 -0.00895771603071411 0.44455809123622975 -0.7839927668737281 -0.4332704472703748 -0.3173595121954773 0.0 0.0 0.0 1.0]
Frame:109, T_inverse:[-0.8712259656695184 -0.42553807146215494 -0.2447093889038333 0.013095492051719716 0.007485114705441971 0.4869351249674992 -0.8734060894411204 -0.008959956269471105 0.4908251279678771 -0.7627657365197754 -0.42104531910668935 -0.31801389365106447 0.0 0.0 0.0 1.0]
Frame:110, T_inverse:[-0.8443469665358132 -0.4647798553401158 -0.2665670586248453 0.014267023560324709 0.007642846577262218 0.4870167639733706 -0.8733592160181637 -0.008962602423930722 0.5357423461063824 -0.739455468183424 -0.4076588991310963 -0.3187302396872774 0.0 0.0 0.0 1.0]
Frame:111, T_inverse:[-0.8151430180627272 -0.5027612129661233 -0.287702778800631 0.015393394982273378 0.007796267413841042 0.48710611874066506 -0.8733079979258859 -0.008965358800025788 0.5792071998685221 -0.7141139299960192 -0.3931414470364192 -0.31950734646684037 0.0 0.0 0.0 1.0]
Frame:112, T_inverse:[-0.7837118043888308 -0.5393551128062779 -0.30804517789915414 0.016481556666622064 0.007944230236759041 0.4872028128457495 -0.8732526962008049 -0.008968280054569752 0.6210737509186897 -0.6868256434233198 -0.3775418103709175 -0.320342215031304 0.0 0.0 0.0 1.0]
Frame:113, T_inverse:[-0.7501311229058367 -0.5744725594420877 -0.32754311394248053 0.017524047282686705 0.008085370248855892 0.4873054805954723 -0.8731941029904238 -0.00897140608159327 0.6612396166336096 -0.6576584083139464 -0.36089817291732723 -0.32123241711912387 0.0 0.0 0.0 1.0]
Frame:114, T_inverse:[-0.7144957417303107 -0.6080136377424035 -0.3461423180049402 0.01851911460926847 0.008220373551785964 0.4874144376845759 -0.873131920415647 -0.008974757465358403 0.6995909466040949 -0.6266947482108302 -0.3432572382611344 -0.322175946654192 0.0 0.0 0.0 1.0]
Frame:115, T_inverse:[-0.6768991901351382 -0.6398910372315397 -0.36379500664833136 0.019463212468064595 0.008348828517312308 0.4875297636917709 -0.8730664371405802 -0.008978261430047615 0.7360282826318788 -0.5940152993936374 -0.32466614438664426 -0.32317062391802054 0.0 0.0 0.0 1.0]
Frame:116, T_inverse:[-0.6374509261515667 -0.6700114373057949 -0.38044742747325716 0.020355722724288223 0.008469249464668038 0.48765020440861556 -0.8729979025283525 -0.008981842420624832 0.7704439151762136 -0.5597157358788456 -0.30517838902224165 -0.3242131281880793 0.0 0.0 0.0 1.0]
Frame:117, T_inverse:[-0.5962490146585777 -0.6983000005572922 -0.396060587918139 0.021189589630947196 0.00858317875835709 0.4877762119590833 -0.8729264769839001 -0.008985761177266757 0.802753525799263 -0.5238811073790864 -0.2848423642528028 -0.3253011338851468 0.0 0.0 0.0 1.0]
Frame:118, T_inverse:[-0.5534139980476511 -0.7246725127578114 -0.4105881465114126 0.021965959468525042 0.00868957674997246 0.48790816193729136 -0.8728517048742168 -0.008989715537416577 0.8328609523803397 -0.4866162189058917 -0.26371809398821305 -0.32643140236747537 0.0 0.0 0.0 1.0]
Frame:119, T_inverse:[-0.5090689370304395 -0.7490555901737089 -0.4239858718777242 0.022685201967172993 0.008787031495134233 0.48804299793197975 -0.8727752304226059 -0.008993864307054275 0.8606806007446347 -0.44802858647838634 -0.241865405765354 -0.3276006214051626 0.0 0.0 0.0 1.0]
Frame:120, T_inverse:[-0.4634048996876172 -0.771350350998067 -0.4362046324782147 0.023370391115242237 0.008876703679677328 0.4881834589998677 -0.8726958494330692 -0.008998093370921823 0.886102181250755 -0.40828362398986484 -0.21937954772016127 -0.3288038217451184 0.0 0.0 0.0 1.0]
Frame:121, T_inverse:[-0.4136472990531234 -0.7926709259442644 -0.4478489082276216 0.022961245522740387 0.008962504660220392 0.48833622017300415 -0.8726095325998813 -0.009003258917380056 0.9103930440082907 -0.3649664634014348 -0.19489463006249466 -0.33025066555906135 0.0 0.0 0.0 1.0]
