Frame:1, T_inverse:[0.9995789583593258 0.029014685523573756 2.599841506835177e-09 8.293089998804767e-11 0.014502769568980589 -0.499632047652177 0.8661163723529428 -1.1160282371518818e-07 0.025130094379154394 -0.865751678597872 -0.49984249528968205 -0.3999578905591501 0.0 0.0 0.0 1.0]
Frame:2, T_inverse:[0.9948549048038353 0.10130990103274001 8.252551056309351e-09 4.023508477590201e-10 0.05045914431574583 -0.49550472313133764 0.8671384131464355 -1.5450326051473928e-07 0.08784970822425832 -0.8626768799655083 -0.4980673355842409 -0.3999578752306135 0.0 0.0 0.0 1.0]
Frame:3, T_inverse:[0.9849545548948638 0.17281343286611378 2.2971007555680163e-08 4.901191999382618e-09 0.08542622636803418 -0.4868890814235245 0.8692763758278248 -1.0753863968455467e-07 0.15022265590804149 -0.8561977371728704 -0.4943264271403905 -0.3999578483170573 0.0 0.0 0.0 1.0]
Frame:4, T_inverse:[0.9700297314349738 0.2429861336558867 6.972294501249174e-09 -3.735050858966783e-08 0.11873143748930526 -0.4739898284509977 0.8724883232499697 5.755435227019698e-08 0.21200260646659533 -0.8463396039858762 -0.48863432563227654 -0.39995780123530783 0.0 0.0 0.0 1.0]
Frame:5, T_inverse:[0.9503021142099866 0.3113292215898193 1.2714849079117228e-08 2.144817629391365e-08 0.14975406053956383 -0.4571097656331243 0.8767123369336121 -1.6939148395675502e-07 0.2729461607501215 -0.8331415444766143 -0.4810151981648606 -0.39995786809743333 0.0 0.0 0.0 1.0]
Frame:6, T_inverse:[0.9260524454416013 0.3773948488491999 -9.955776090131021e-08 -4.247502025646337e-08 0.1779403148678536 -0.43663020970754124 0.8818680967705588 2.0880905966596862e-07 0.33281240804919476 -0.8166561119928567 -0.47149622189024526 -0.39995787954546025 0.0 0.0 0.0 1.0]
Frame:7, T_inverse:[0.8976066551888922 0.4407972839213641 3.7827633967971006e-08 2.0213340628191572e-08 0.20281864165578734 -0.41300461422790863 0.887857706609672 3.379938780993629e-08 0.3913653306998334 -0.7969470241291456 -0.4601175812742368 -0.39995784653965666 0.0 0.0 0.0 1.0]
Frame:8, T_inverse:[0.8653222890889951 0.5012158191693354 5.650574855772434e-08 9.541045293831842e-09 0.22400507696094576 -0.3867325425108652 0.8945719911354559 -4.881475259511248e-08 0.44837376865657563 -0.7740930325836427 -0.44692316066729304 -0.39995777383113984 0.0 0.0 0.0 1.0]
Frame:9, T_inverse:[0.8295739652654593 0.5583968669278605 -1.3061977269176317e-09 3.358022588571708e-08 0.24120785425895525 -0.3583467784220298 0.9018904019541313 -3.739903995240648e-09 0.5036127610480972 -0.748184754423592 -0.4319648465683153 -0.399957901708687 0.0 0.0 0.0 1.0]
Frame:10, T_inverse:[0.7907404203168509 0.6121515323281224 5.0380824451123755e-08 -3.870665529037211e-08 0.2542276509675676 -0.3283956905963405 0.9096834627705702 3.983052380171842e-08 0.5568642625637352 -0.7193234234766022 -0.4153015518116505 -0.3999577749135877 0.0 0.0 0.0 1.0]
Frame:11, T_inverse:[0.7491934253127672 0.6623512344658735 -4.36395527654222e-08 -6.362385186556884e-09 0.26295338357006526 -0.29742958609079356 0.9178185906192947 2.2809127337845507e-08 0.6079183333669859 -0.6876236901658224 -0.39699977294523336 -0.3999578711788431 0.0 0.0 0.0 1.0]
Frame:12, T_inverse:[0.7052887650302059 0.708920146502671 2.3847259973469477e-08 2.2129070298029143e-08 0.2673559320542603 -0.26598659299432525 0.9261599097933204 -3.8055161534448475e-08 0.6565733895920947 -0.65321023984032 -0.3771313915418077 -0.3999578947783983 0.0 0.0 0.0 1.0]
Frame:13, T_inverse:[0.6593592407780571 0.7518280205276183 -6.674624315960598e-08 5.197931847804484e-08 0.2674811973003418 -0.23458310606649777 0.9345718725202493 -9.143095233266776e-08 0.7026372839235829 -0.6162186349116667 -0.35577440026049445 -0.39995787896621415 0.0 0.0 0.0 1.0]
Frame:14, T_inverse:[0.6117106693748061 0.7910815884294538 1.5039657522703957e-07 2.542601211918527e-08 0.2634405512479547 -0.20370782689283723 0.9429221359183825 -2.5741085952817257e-08 0.7459283839521554 -0.5767954320259047 -0.3330132158337959 -0.39995787698016094 0.0 0.0 0.0 1.0]
Frame:15, T_inverse:[0.5626182654973876 0.8267167905612044 8.302249374195334e-08 4.913238957213388e-08 0.25540410946448683 -0.1738141605571521 0.9510821945806424 7.079327083547561e-08 0.7862756592111061 -0.53509616907331 -0.3089378920540739 -0.3999579250146834 0.0 0.0 0.0 1.0]
Frame:16, T_inverse:[0.5123265302985147 0.8587907451586416 1.1039454912823853e-07 6.8889798959908226e-09 0.24359086018939421 -0.14531842954928934 0.9589296162191909 -1.2882352902931788e-07 0.8235198872983741 -0.4912850063812558 -0.2836440340590447 -0.39995789290710426 0.0 0.0 0.0 1.0]
Frame:17, T_inverse:[0.46104973017082534 0.8873742248394363 7.86832787283746e-08 -2.6067473665123377e-08 0.2282593683457232 -0.1185958069085147 0.966350063290318 -6.141012286556979e-09 0.857514237419838 -0.44553535391605825 -0.25723001143063734 -0.3999578621266894 0.0 0.0 0.0 1.0]
Frame:18, T_inverse:[0.4089722883665266 0.9125467108855447 1.6343358854889362e-07 3.24340316104132e-08 0.20970453339832473 -0.09398238445791568 0.9732373378280569 -9.452279107903152e-08 0.8881246718402122 -0.3980269819546824 -0.22980129533673407 -0.399957778602453 0.0 0.0 0.0 1.0]
Frame:19, T_inverse:[0.35625314059910657 0.9343894480667374 1.5081590225212633e-07 -4.0205231870355244e-08 0.1882472186496215 -0.0717727894164982 0.9794955212754275 -2.4168889269288626e-08 0.9152303761692291 -0.3489482894598471 -0.20146545274053398 -0.3999578693692415 0.0 0.0 0.0 1.0]
Frame:20, T_inverse:[0.30302624124663685 0.9529821410845414 9.784148035943917e-09 -5.6777429833476166e-08 0.16423182952542414 -0.052221816232213905 0.9850383686811202 3.302345774022758e-08 0.9387240868750097 -0.2984924017424717 -0.17233452249826148 -0.3999578836673614 0.0 0.0 0.0 1.0]
Frame:21, T_inverse:[0.24940431444063232 0.9683992921117959 1.0832677572935767e-07 -1.3402092349047371e-08 0.13802000392091712 -0.03554593262668908 0.9897911301506767 -4.29929125276418e-08 0.9585132764456828 -0.24685800045227702 -0.14252365070911968 -0.39995779817088245 0.0 0.0 0.0 1.0]
Frame:22, T_inverse:[0.1954839489979417 0.9807068204109815 -3.298644587867175e-08 -1.3588993323928293e-08 0.10998700530815636 -0.02192356417398542 0.9936911538919457 -4.386814138099491e-09 0.974519750538133 -0.19425061945183048 -0.11215066545142051 -0.3999578003661118 0.0 0.0 0.0 1.0]
Frame:23, T_inverse:[0.14134440542652463 0.9899604765306611 -8.835139208299889e-08 7.800977844397754e-09 0.08051836251876686 -0.011496143505584505 0.9966868390209248 -1.5108887450036142e-08 0.9866805793809503 -0.14087610709688758 -0.08133490954445526 -0.3999578825471643 0.0 0.0 0.0 1.0]
Frame:24, T_inverse:[0.08705647140245487 0.996203173840842 1.4015765057150073e-07 1.284038666261154e-08 0.050008462849044526 -0.004370036217220303 0.998738995797276 -1.3824140999900127e-07 0.9949471534852232 -0.08694646357842883 -0.050198817302945016 -0.3999577714987441 0.0 0.0 0.0 1.0]
Frame:25, T_inverse:[0.032680311391489116 0.9994658293165333 1.2575296263349506e-07 4.311055743948946e-08 0.018854661951525447 -0.0006166221140599019 0.999822009851068 -2.510930482399157e-08 0.9992879698196107 -0.032674487024653476 -0.018864732894857173 -0.3999579556867325 0.0 0.0 0.0 1.0]
Frame:26, T_inverse:[-0.021729386118079508 0.9997638101301407 1.1668376680206779e-07 -4.9067074953846845e-09 -0.012541283916171632 -0.000272594627581688 0.9999211932735798 -9.518972571559338e-08 0.9996851002000764 0.02172777735854988 0.01254435039894241 -0.3999578892895688 0.0 0.0 0.0 1.0]
Frame:27, T_inverse:[-0.07611851728039318 0.9970987498299196 -8.899044242953702e-08 -9.457416175820612e-08 -0.043777569481306844 -0.003341879423149422 0.9990357097884415 3.999095896445643e-08 0.9961372527917662 0.07604512847117106 0.04390495096966429 -0.3999579169878361 0.0 0.0 0.0 1.0]
Frame:28, T_inverse:[-0.1304309992324244 0.991457371982038 1.913579773867097e-08 -5.611764620704955e-08 -0.07445057574165076 -0.009794330861369131 0.9971765617161349 5.134513124818638e-08 0.9886580919271659 0.13006276356104732 0.07509208508049088 -0.39995792824282395 0.0 0.0 0.0 1.0]
Frame:29, T_inverse:[-0.1846067537081911 0.9828123932590881 -1.1877521793793894e-08 -2.1963596543531676e-08 -0.10416077479692651 -0.019564970092728007 0.9943679377537972 -9.116768531318198e-08 0.9772771907995381 0.18356712969490066 0.10598242777951919 -0.399957948710006 0.0 0.0 0.0 1.0]
Frame:30, T_inverse:[-0.23857843772684093 0.9711229271566458 2.676571546070708e-07 2.7063843276493252e-08 -0.13251425498711178 -0.03255522759583102 0.9906461104762613 -1.3083886991960588e-07 0.9620393687027935 0.23634702858617335 0.13645492633749987 -0.39995788087347217 0.0 0.0 0.0 1.0]
Frame:31, T_inverse:[-0.29226788925822184 0.9563364715246966 -1.822437648758568e-07 -1.2327016969288203e-07 -0.15912407051171518 -0.04863003805593858 0.986060189798354 5.599227450646641e-08 0.9430052852134206 0.28819377164667503 0.16638914446264633 -0.39995798970582785 0.0 0.0 0.0 1.0]
Frame:32, T_inverse:[-0.34558358450733245 0.9383879419158386 -2.7870061169750283e-08 8.45343758181954e-09 -0.1836107312944954 -0.06761896353278543 0.9806705752759468 -2.0041996174972496e-08 0.9202494625110658 0.3389036830175828 0.19566611574037862 -0.3999578614007065 0.0 0.0 0.0 1.0]
Frame:33, T_inverse:[-0.39841508137889636 0.9172052303362622 -1.513916053359683e-07 -1.0279650521288087e-07 -0.20561109088164556 -0.08931305642639749 0.9745497671009714 3.334177788350847e-08 0.8938621183326475 0.38827536768883747 0.22417125913824804 -0.39995794837888843 0.0 0.0 0.0 1.0]
Frame:34, T_inverse:[-0.45063430529504955 0.8927084509831974 2.7741447315994006e-07 1.0743994295201656e-07 -0.22477599314015184 -0.11346588968056032 0.9677815008811562 -8.48369537596829e-08 0.8639468100137204 0.4361156354622877 0.25179125584965967 -0.3999577917832567 0.0 0.0 0.0 1.0]
Frame:35, T_inverse:[-0.502085818625247 0.864817813899636 -1.9658755470441246e-07 -1.3011597278454908e-07 -0.24078089031188576 -0.13978953595727436 0.9604600312140895 -1.4519466448872604e-09 0.8306228867904263 0.48223338631247226 0.27841794299310596 -0.3999578847974675 0.0 0.0 0.0 1.0]
Frame:36, T_inverse:[-0.5525920958046044 0.8334516996763863 -2.1759146359889408e-07 -1.3575076856759872e-07 -0.2533240792711463 -0.1679577012555706 0.9526893013293137 -4.9479250878625406e-08 0.7940205374885816 0.5264487617584189 0.3039456543728984 -0.3999579376963401 0.0 0.0 0.0 1.0]
Frame:37, T_inverse:[-0.6019448656111556 0.7985373156602124 1.59304442950241e-07 -1.9563703242694848e-08 -0.26213867801049345 -0.19760265241159727 0.9445824752532159 -1.427067329577028e-07 0.7542844971684519 0.5685868084031093 0.32827377505361605 -0.39995782827005505 0.0 0.0 0.0 1.0]
Frame:38, T_inverse:[-0.6499052454290166 0.7600152746338839 -1.3894639171521499e-08 2.8858968162392515e-08 -0.26699844563163283 -0.228316055675339 0.936260496320264 7.016532226580669e-08 0.7115722292427252 0.6084805457925271 0.3513066482261499 -0.3999578639217497 0.0 0.0 0.0 1.0]
Frame:39, T_inverse:[-0.6962036692160021 0.7178442709494255 2.666754160198778e-08 -1.65090325394773e-08 -0.26772192585512283 -0.25965103335074274 0.927850360639792 -8.637461662093649e-09 0.6660520778674177 0.6459728307618837 0.3729526957802707 -0.39995782644661654 0.0 0.0 0.0 1.0]
Frame:40, T_inverse:[-0.7405416020059628 0.6720103838763908 1.0871291632994612e-07 1.521872993620526e-08 -0.26418545437411484 -0.29112704506291737 0.9194841155980269 -9.775632636263463e-08 0.6179029101843709 0.6809162818001107 0.3931271458423724 -0.3999578644956449 0.0 0.0 0.0 1.0]
Frame:41, T_inverse:[-0.7825909214926909 0.6225360606722244 3.6929744389427293e-08 1.0371392204414643e-08 -0.256329609122053 -0.32223229409639986 0.9112964823329979 9.659254979118452e-09 0.5673149949429033 0.7131724628423728 0.41175071148096704 -0.3999578820066536 0.0 0.0 0.0 1.0]
Frame:42, T_inverse:[-0.8220000775178212 0.5694872359451759 1.2790744176530254e-08 -7.709279716003872e-08 -0.2441669881500458 -0.3524315523305475 0.9034236744449835 -2.1272192325841546e-08 0.5144883154318103 0.7426144197031149 0.42874885377032956 -0.39995795724604455 0.0 0.0 0.0 1.0]
Frame:43, T_inverse:[-0.8583996966111326 0.5129812038524345 1.0008173424967873e-07 -2.345452564403353e-10 -0.22779182165989809 -0.38117673392011703 0.8959994544595552 1.1763814806167274e-08 0.4596309235279809 0.769125754319608 0.44405508783684133 -0.3999578358568134 0.0 0.0 0.0 1.0]
Frame:44, T_inverse:[-0.8914115758427784 0.4531945676492747 5.363316009602293e-08 8.571283761766348e-09 -0.20738583043535644 -0.4079178921360272 0.8891535373883613 -8.428896801408444e-08 0.40295957485240586 0.7926018014094719 0.4576089487326361 -0.3999578754220057 0.0 0.0 0.0 1.0]
Frame:45, T_inverse:[-0.9206589357798273 0.3903676759211637 1.537006051614178e-07 4.698849899488331e-09 -0.18322164446557773 -0.43211766791657064 0.8830084727480881 -4.883055147923276e-08 0.3446980667503167 0.8129497350675177 0.4693569603639797 -0.39995789912853147 0.0 0.0 0.0 1.0]
Frame:46, T_inverse:[-0.9457800026864978 0.32480785743601964 2.3119999587651508e-08 -3.738825844499513e-08 -0.1556649949670774 -0.45326751607846705 0.8776770209574399 4.6343566901695856e-08 0.28507641772047887 0.8300893876262253 0.47925260256336183 -0.3999579110028083 0.0 0.0 0.0 1.0]
Frame:47, T_inverse:[-0.9664412797956249 0.2568875266396103 2.0581264330610273e-08 -1.5775860519864513e-08 -0.1251701646494334 -0.470905052747458 0.8732587075206361 -1.0479213360528607e-07 0.22432927760172328 0.8439533165456993 0.4872568068430903 -0.399957939669568 0.0 0.0 0.0 1.0]
Frame:48, T_inverse:[-0.9823515885836532 0.1870427253979208 1.7222167816950526e-08 2.2430667262689763e-08 -0.09227524254250342 -0.4846312236489504 0.8698377166056338 -1.6344334921787804e-07 0.16269683866994333 0.854486583404401 0.4933379050166566 -0.3999578540369101 0.0 0.0 0.0 1.0]
Frame:49, T_inverse:[-0.9932767700749423 0.11576378080896749 -2.1654214167163105e-08 -1.6082380639434443e-08 -0.057589317416508176 -0.4941279067271595 0.8674797056995158 -7.242382849354463e-08 0.10042272286406635 0.8616474357571803 0.49747252761639593 -0.39995802235030414 0.0 0.0 0.0 1.0]
Frame:50, T_inverse:[-0.9990498216453144 0.043581801645461334 -1.299140678807242e-08 -7.097138590688058e-09 -0.021775388442199284 -0.4991690470057727 0.8662309400809595 -2.99013875927054e-08 0.03775190021704251 0.8654078833477526 0.49964381792449664 -0.3999580102579727 0.0 0.0 0.0 1.0]
Frame:51, T_inverse:[-0.999580587595296 -0.028942370474219055 -9.212426756588331e-08 -3.2255314684464456e-08 0.014466561432057955 -0.4996332738994195 0.8661158178863946 -1.5500208519842614e-07 -0.025067496593536676 0.8657529647095471 0.4998431123035671 -0.39995793542869384 0.0 0.0 0.0 1.0]
Frame:52, T_inverse:[-0.9948615561536023 -0.10124267015573368 -3.092132330110794e-08 -7.171034857202114e-09 0.05042585346157652 -0.49551008682327274 0.8671370398793007 -7.434645352440324e-08 -0.08779129380529456 0.8626814831158823 0.49806947837131377 -0.39995784198027373 0.0 0.0 0.0 1.0]
Frame:53, T_inverse:[-0.9849655852238358 -0.17275073771871136 2.8769879573911577e-08 1.3540301422701481e-08 0.08539595670675779 -0.48689836014528265 0.8692741244494364 -4.3856119067401245e-08 -0.15016773735885644 0.8562050876984859 0.49433033041824354 -0.3999579260692597 0.0 0.0 0.0 1.0]
Frame:54, T_inverse:[-0.9700443364509809 -0.24292798810409597 -1.9196834174422057e-08 1.2631084154261618e-08 0.1187044239287754 -0.47400287916817374 0.8724852487246892 6.498555519052362e-08 -0.21195109947524862 0.8463493973947169 0.4886404193289134 -0.3999579229500328 0.0 0.0 0.0 1.0]
Frame:55, T_inverse:[-0.9503196146648057 -0.3112754612723299 -2.1114887640400118e-08 2.06012578320158e-08 0.14973022009613682 -0.4571242999650082 0.8767086941494601 -6.178227652112513e-08 -0.2728979197594786 0.8331535625794938 0.481021671347646 -0.39995801732398084 0.0 0.0 0.0 1.0]
Frame:56, T_inverse:[-0.9260721637047642 -0.37734618442064305 -5.150931303354024e-08 -3.806714212473644e-08 0.17792032278267478 -0.43664703277944256 0.8818637249920681 -1.1524205639333358e-07 -0.33276793950977485 0.8166695146526596 0.47150434880326964 -0.3999578719690706 0.0 0.0 0.0 1.0]
Frame:57, T_inverse:[-0.8976288397332229 -0.44075207047768106 -4.6684866791094476e-08 -1.5785639548914703e-08 0.2028017293272305 -0.4130229099951921 0.8878532901850099 -1.5692335456456903e-07 -0.39132320394073333 0.7969627109968938 0.46012662766332313 -0.3999579983862852 0.0 0.0 0.0 1.0]
Frame:58, T_inverse:[-0.8653465311838795 -0.501173998173703 1.063410555313304e-07 6.567663148685699e-08 0.22399139547230548 -0.386752097251876 0.8945673194216964 -1.3669338699353696e-08 -0.44833382104177566 0.7741107772445156 0.4469332351765156 -0.3999578697379842 0.0 0.0 0.0 1.0]
Frame:59, T_inverse:[-0.8296001635687349 -0.5583578724135083 -2.0358452612910485e-07 -6.134739789562855e-08 0.2411970134643906 -0.35836742005457084 0.901885099094673 -1.0031394498344691e-08 -0.5035747565504974 0.7482040504603256 0.4319759668982226 -0.39995790852674096 0.0 0.0 0.0 1.0]
Frame:60, T_inverse:[-0.7907679882101971 -0.6121158791935284 1.4097278156150148e-07 3.5684553228288076e-08 0.25422048393140284 -0.32841701862425327 0.9096780209637142 2.537195370311223e-08 -0.5568283867024734 0.71934436828175 0.4153141477727685 -0.39995799790930864 0.0 0.0 0.0 1.0]
Frame:61, T_inverse:[-0.7492222988046826 -0.66231839464601 -2.0552404295469507e-07 -3.816817915929892e-08 0.26294869390440245 -0.2974508656052623 0.917813012687255 -6.908535748118138e-08 -0.6078845774149201 0.6876460285297837 0.39701277631747944 -0.39995792320038676 0.0 0.0 0.0 1.0]
Frame:62, T_inverse:[-0.7053183657454472 -0.7088906082723161 6.118530217491682e-08 6.59711277297974e-08 0.26735447969908965 -0.26600709626347413 0.9261542690095941 -3.5865384738575004e-08 -0.6565420558357082 0.6532336799760703 0.3771448575152886 -0.39995795182780575 0.0 0.0 0.0 1.0]
Frame:63, T_inverse:[-0.6593899491994846 -0.7518009502560656 5.1340259015757045e-08 3.460054747343173e-08 0.26748225645147927 -0.23460336257409542 0.9345664079936286 -6.017784327843141e-08 -0.702607922449907 0.6162438456032968 0.35578865989631525 -0.399957867721382 0.0 0.0 0.0 1.0]
Frame:64, T_inverse:[-0.6117426933386184 -0.7910568227680863 -6.8597964767834104e-09 -2.828735502046938e-08 0.263444583084812 -0.20372784238077335 0.9429167274544021 -2.592459527699197e-08 -0.7459006937601601 0.5768223949183013 0.3330286480298049 -0.3999579295208719 0.0 0.0 0.0 1.0]
Frame:65, T_inverse:[-0.5626502302385762 -0.8266950083041541 -1.005966945084945e-07 -2.0083740772803102e-08 0.25541039555695055 -0.17383288664934055 0.9510770818439549 -1.0458904143267633e-07 -0.786250702251129 0.5351237127984525 0.308953676047969 -0.39995790029226547 0.0 0.0 0.0 1.0]
Frame:66, T_inverse:[-0.5123581756183954 -0.8587718427289293 1.5818707014206071e-07 9.670727299822612e-08 0.24359926509442784 -0.14533538022524367 0.958924921385337 8.882295858863874e-09 -0.8234977272248187 0.4913130781492404 0.28365993967554803 -0.39995788903785356 0.0 0.0 0.0 1.0]
Frame:67, T_inverse:[-0.4610813947134842 -0.8873578663940586 -1.0836815358912333e-07 -6.869244407793443e-08 0.2282695652474061 -0.11861161867090474 0.966345836881814 -7.476443835912314e-08 -0.8574945671106018 0.4455640581458834 0.257246409830715 -0.39995797793536375 0.0 0.0 0.0 1.0]
Frame:68, T_inverse:[-0.40900327038386625 -0.9125329276403271 1.2700729261485216e-07 4.0774738523132924e-08 0.20971637427394177 -0.09399614097559578 0.9732337026931576 8.2774520919803e-09 -0.8881078022980144 0.39805575387895786 0.22981779046176465 -0.39995790265888176 0.0 0.0 0.0 1.0]
Frame:69, T_inverse:[-0.35628335960179625 -0.9343780265455552 9.111710154673085e-08 1.2955957912220707e-08 0.18826038759415548 -0.07178463030334124 0.9794922475825012 4.011898428965955e-08 -0.9152159745899883 0.3489767722157559 0.20148198441281637 -0.3999579577511424 0.0 0.0 0.0 1.0]
Frame:70, T_inverse:[-0.3030563315791264 -0.9529725497612324 -1.7261994072159628e-07 -1.1843918304338093e-08 0.16424587937741547 -0.052232228964712316 0.9850355407830317 -9.936439503497283e-08 -0.9387118891469476 0.29852128958552426 0.17235119386093298 -0.39995784573571314 0.0 0.0 0.0 1.0]
Frame:71, T_inverse:[-0.24943365858512784 -0.9683918011404193 1.6975184802423473e-07 7.409562087233106e-08 0.13803493993772936 -0.03555414887641451 0.9897889118124342 1.9289133411531878e-08 -0.9585035607658662 0.24688676865873163 0.14254038813124645 -0.3999578736629518 0.0 0.0 0.0 1.0]
Frame:72, T_inverse:[-0.19551227992661857 -0.9807010067831816 -2.618902148723684e-07 2.0716447652384043e-08 0.11000185565196122 -0.021930024497028466 0.9936892127078442 -1.1135668864589142e-07 -0.9745122066611631 0.19427865448402565 0.1121667950769631 -0.39995793009271335 0.0 0.0 0.0 1.0]
Frame:73, T_inverse:[-0.14137102534290052 -0.9899566154497947 -8.97916107635257e-08 -3.163500934322688e-08 0.08053278487599336 -0.011500529298369248 0.9966855315934453 -1.0954622081496666e-07 -0.9866755235145451 0.1409025398881676 0.08134989715972304 -0.3999579291466758 0.0 0.0 0.0 1.0]
Frame:74, T_inverse:[-0.08707910563295168 -0.9962011432642094 -2.009191039975289e-07 6.242240259259999e-08 0.05002083874904426 -0.004372371864558345 0.9987383685992504 -1.0424380013567324e-07 -0.9949445658664331 0.08696947992618037 0.05021180898274897 -0.3999578777751383 0.0 0.0 0.0 1.0]
Frame:75, T_inverse:[-0.03269854704505739 -0.9994652308047762 -6.166968167247543e-08 -9.25203699036326e-09 0.0188648459671089 -0.0006171992863912029 0.9998218026529665 -7.644941111671427e-08 -0.9992871644267936 0.0326927662793501 0.0188749878199743 -0.399957878317213 0.0 0.0 0.0 1.0]
Frame:76, T_inverse:[0.021715292135838615 -0.9997641278526908 -2.9171305584498296e-08 -2.5315110893118333e-08 -0.012533423483592451 -0.0002722119803279433 0.9999213925018878 -4.39893774167517e-09 -0.9996855574179758 -0.021713536846015097 -0.012536333382561922 -0.3999578646491852 0.0 0.0 0.0 1.0]
Frame:77, T_inverse:[0.07610746802425307 -0.9970994926973169 -1.9988071934561186e-08 7.416098561345298e-08 -0.04377098142116849 -0.003340877272412218 0.9990358816918792 -3.9578084854536315e-08 -0.9961382837733965 -0.0760339695861754 -0.04389817918474995 -0.39995785031417336 0.0 0.0 0.0 1.0]
Frame:78, T_inverse:[0.13042155448483722 -0.9914585576943136 2.3216212947923203e-08 -9.412814331221378e-09 -0.07444495749303856 -0.009792769065334469 0.9971769611931772 3.9617350864932794e-08 -0.9886597208594716 -0.13005330306611596 -0.07508621446229546 -0.39995789283132466 0.0 0.0 0.0 1.0]
Frame:79, T_inverse:[0.18459843555695835 -0.9828140469250288 -2.972735757472054e-07 -1.1242223435947136e-07 -0.10415682456802774 -0.019563705508607806 0.9943684693562682 -1.0940981854702748e-07 -0.9772792972449067 -0.18355883273683257 -0.10597821957971322 -0.39995789570872103 0.0 0.0 0.0 1.0]
Frame:80, T_inverse:[0.23857176335150068 -0.9711247110201768 -1.1267094083115967e-07 1.6800848823959618e-09 -0.13251128332168502 -0.032553317160297975 0.9906465554055501 -6.279004126058894e-08 -0.9620415871120614 -0.23634013202968554 -0.13645113946162082 -0.39995776765439933 0.0 0.0 0.0 1.0]
Frame:81, T_inverse:[0.2922622881473914 -0.9563381347335278 -1.7512713880671635e-07 -9.832812946328999e-08 -0.15912131461469067 -0.0486284415155494 0.9860605864900734 -1.1736001379009991e-07 -0.9430074606299635 -0.28818823684718015 -0.16638597761763654 -0.3999578958725504 0.0 0.0 0.0 1.0]
Frame:82, T_inverse:[0.34558056294207684 -0.9383891499053971 -9.712999245416604e-08 3.7141304156926994e-08 -0.1836093157671976 -0.06761797817494929 0.9806710022395088 1.2453203951320543e-08 -0.9202509155821598 -0.3389008608523225 -0.1956644795897781 -0.39995786860723687 0.0 0.0 0.0 1.0]
Frame:83, T_inverse:[0.3984151941472608 -0.9172051295699427 -1.0698195951455451e-07 -3.907583374435204e-08 -0.2056109573032664 -0.08931328318600136 0.9745497276296443 -5.032680189308482e-08 -0.893862083365343 -0.38827540931476917 -0.22417118651300724 -0.3999578493879863 0.0 0.0 0.0 1.0]
Frame:84, T_inverse:[0.450636514784057 -0.8927075348247053 -1.6195633342790052e-08 3.7088037126804635e-09 -0.22477725521227773 -0.11346698630586638 0.967781188968544 -2.896611097084445e-08 -0.8639455064427707 -0.4361175120973694 -0.2517927079459348 -0.39995785070364165 0.0 0.0 0.0 1.0]
Frame:85, T_inverse:[0.5020917322517996 -0.8648143271945105 -2.684625552447257e-07 -9.255863486263865e-08 -0.24078260483108965 -0.13979311124352395 0.9604589592332301 -1.9024891026631366e-07 -0.8306187939810834 -0.48223836165656314 -0.27842118176850517 -0.39995779197053943 0.0 0.0 0.0 1.0]
Frame:86, T_inverse:[0.552601174383994 -0.8334457323603873 -1.234554316898509e-07 -3.6610780070893824e-08 -0.2533258434401587 -0.1679630120453351 0.9526877871638132 -1.4904219357981802e-08 -0.7940136983786767 -0.5264562723505286 -0.3039498234961522 -0.39995775772476855 0.0 0.0 0.0 1.0]
Frame:87, T_inverse:[0.6019564454044464 -0.7985288867162579 -1.3366430333481787e-07 -3.185179088492097e-08 -0.26214070329069317 -0.19761005720782535 0.9445805193604221 -8.992762410920797e-08 -0.7542748806834974 -0.5685962612716728 -0.3282795570807623 -0.399957835700139 0.0 0.0 0.0 1.0]
Frame:88, T_inverse:[0.6499194553151765 -0.7600031007053725 9.361128789790627e-09 -3.809326754582037e-08 -0.26699922354891226 -0.2283253472814121 0.9362579444646869 -1.7666869458412226e-08 -0.7115589373586537 -0.6084922637071677 -0.3513133159618932 -0.3999578350893303 0.0 0.0 0.0 1.0]
Frame:89, T_inverse:[0.696220363155202 -0.7178280462080462 2.6853873645521873e-08 9.176174531522998e-08 -0.2677214644616031 -0.25966256674821037 0.927847207624389 -1.4892658486035645e-08 -0.6660347853990166 -0.6459861149873927 -0.3729603538797178 -0.39995784590714356 0.0 0.0 0.0 1.0]
Frame:90, T_inverse:[0.7405601557208314 -0.6719899660462 -2.7998025774182477e-08 4.9541903356276226e-08 -0.26418320472038653 -0.2911404089605531 0.9194803127589052 3.201481335845527e-08 -0.6178816424161974 -0.6809304613114905 -0.39313543313664395 -0.399957731106459 0.0 0.0 0.0 1.0]
Frame:91, T_inverse:[0.7826104959181834 -0.6225116725553731 -1.1115461278761286e-07 -3.2386123698643964e-08 -0.2563247728586745 -0.3222469519570017 0.9112926529548592 -3.012240483715793e-08 -0.5672903880181459 -0.713187144733783 -0.41175900374753477 -0.39995781959670756 0.0 0.0 0.0 1.0]
Frame:92, T_inverse:[0.8220207976064048 -0.5694574204861012 1.6697333795257378e-08 4.029697390833561e-08 -0.24415910632418308 -0.3524474438225286 0.9034196311361302 7.632754636868737e-08 -0.5144590341966435 -0.7426297524317267 -0.4287573306033563 -0.3999578976895309 0.0 0.0 0.0 1.0]
Frame:93, T_inverse:[0.8584202262329759 -0.5129470893720075 -1.494914175663667e-07 -6.2923030432795695e-09 -0.22778126679077995 -0.38119350415881964 0.8959949336688018 -1.7200004826547026e-07 -0.4595980775304981 -0.7691401290712626 -0.44406392919071647 -0.39995778419724676 0.0 0.0 0.0 1.0]
Frame:94, T_inverse:[0.8914315102718305 -0.45315538346420065 -7.928716310342758e-08 1.5026481607178816e-08 -0.20737168273935366 -0.4079342506957339 0.8891491225810896 -2.461962975591393e-08 -0.4029228107137135 -0.7926155010444488 -0.4576170276270938 -0.39995780125287406 0.0 0.0 0.0 1.0]
Frame:95, T_inverse:[0.9206779347063255 -0.39032316554676094 -6.283799266217916e-08 2.4170834557759338e-09 -0.1832037814732315 -0.43213355800525965 0.8830045488490254 -2.928061191414327e-08 -0.3446571693825816 -0.8129627853889365 -0.46936450983614886 -0.3999579451645838 0.0 0.0 0.0 1.0]
Frame:96, T_inverse:[0.9457970465138128 -0.3247582880718334 -4.150215980384365e-08 1.139631418556324e-08 -0.15564350086656362 -0.45328221329721696 0.8776731172963946 -1.9759702530576505e-07 -0.28503168662917233 -0.8301006205808669 -0.47925948575070737 -0.39995779063405723 0.0 0.0 0.0 1.0]
Frame:97, T_inverse:[0.9664557699654719 -0.25683295910843623 -8.49619839743896e-08 -1.0185617101637844e-08 -0.1251450960034692 -0.4709176802404773 0.8732551088411596 -1.190833875803531e-07 -0.22428081235549682 -0.8439624744479066 -0.48726248796055066 -0.39995766862968507 0.0 0.0 0.0 1.0]
Frame:98, T_inverse:[0.9823630776583935 -0.18698329618973095 -3.622336210263304e-08 -1.7336423549425083e-09 -0.09224680851149747 -0.48464152551311207 0.8698349395669397 -8.376846609410098e-08 -0.16264463345240227 -0.8544937530246628 -0.49334256765769113 -0.39995785537873846 0.0 0.0 0.0 1.0]
Frame:99, T_inverse:[0.9932842985870767 -0.11569924619324179 -1.4978514186268976e-08 -7.3150989338421e-09 -0.0575575353449647 -0.49413463140138186 0.8674779862362453 -6.46682161630045e-08 -0.10036655161432699 -0.8616522249573152 -0.4974755300871875 -0.3999578483011304 0.0 0.0 0.0 1.0]
Frame:100, T_inverse:[0.9990528356703263 -0.04351373145714281 7.830270322097629e-09 1.9099298128714996e-09 -0.021741411697652948 -0.4991715236927242 0.8662304591254767 1.6418881931887075e-08 -0.03769291182005073 -0.8654099809421633 -0.49964476124514956 -0.3999579203808191 0.0 0.0 0.0 1.0]
