Frame:1, T_inverse:[-0.5177833865774761 -0.743929240281 -0.4224564575002106 0.022164148794279453 0.0045575492307153576 0.4914000499172011 -0.8709219805689044 -0.010011573878492767 0.8554994649533851 -0.4528744064043827 -0.2510482173025646 -0.3231987820232829 0.0 0.0 0.0 1.0]
Frame:2, T_inverse:[-0.47481872247496365 -0.765276618237656 -0.4346248594559331 0.023640437386194264 0.004707829533622474 0.4916293643426124 -0.8707918345789597 -0.010017678680269305 0.8800709754699753 -0.415514455787908 -0.22983200551844415 -0.3242236534070889 0.0 0.0 0.0 1.0]
Frame:3, T_inverse:[-0.42817189284692286 -0.7857918774536168 -0.4463184369044226 0.02415326142592312 0.004850734708307901 0.49187482982081837 -0.8706524214924556 -0.010025269809412225 0.9036843785579166 -0.3749537932546367 -0.20679534593496438 -0.32547380437774165 0.0 0.0 0.0 1.0]
Frame:4, T_inverse:[-0.38027818293542487 -0.8041867330604437 -0.45680655192373326 0.02457305924717804 0.004978498333695037 0.49212612946748635 -0.870509653544592 -0.010032960494744699 0.9248587556258493 -0.3333100713823411 -0.18314119517339147 -0.3267498256531449 0.0 0.0 0.0 1.0]
Frame:5, T_inverse:[-0.3313563270324494 -0.8203711830461159 -0.4660406654723708 0.024930546449190762 0.005091365220449955 0.49238397139436574 -0.8703631924341994 -0.010040795040726552 0.9434918795119932 -0.2907731973921803 -0.15897768060601922 -0.3280458673694017 0.0 0.0 0.0 1.0]
Frame:6, T_inverse:[-0.2815171928992489 -0.8343098695207971 -0.4739988493451117 0.0252165446039492 0.005188749105130513 0.4926464395525409 -0.8702140231679135 -0.010048750128740111 0.9595420640419593 -0.24743976956920985 -0.13435938927112667 -0.3293590711111407 0.0 0.0 0.0 1.0]
Frame:7, T_inverse:[-0.23091978642026198 -0.8459581468690016 -0.48065643520338625 0.025438035477387835 0.005270229057036352 0.4929134746945883 -0.8700623179940903 -0.010056842556040568 0.9729583803393838 -0.20344790840232793 -0.10936500808387312 -0.33068518754144566 0.0 0.0 0.0 1.0]
Frame:8, T_inverse:[-0.17967368738479464 -0.8552916368131521 -0.4859977254620999 0.025584400061701058 0.005335249059804112 0.493182994921227 -0.8699092978327065 -0.010064889244612619 0.9837118875054878 -0.15889266163578594 -0.08404885780128575 -0.33202166014280043 0.0 0.0 0.0 1.0]
Frame:9, T_inverse:[-0.12793676913417984 -0.8622793768459691 -0.49000634649810115 0.025661243100085464 0.005384005164485876 0.4934554276454794 -0.8697543757703602 -0.010072990764205907 0.9917675897745276 -0.11391186549590218 -0.05848851766257359 -0.33336380517943703 0.0 0.0 0.0 1.0]
Frame:10, T_inverse:[-0.07586569830863846 -0.8669021574233229 -0.49267138040367464 0.02567332251035587 0.0054164263022315395 0.4937297715650845 -0.8695985372526985 -0.010081188471242907 0.9971033344297767 -0.06864120962137238 -0.03276164834750527 -0.3347079241848079 0.0 0.0 0.0 1.0]
Frame:11, T_inverse:[-0.02356739889660839 -0.8691505310768767 -0.4939856188297609 0.025608499369933552 0.0054320626866560424 0.49400428732413837 -0.8694424770743158 -0.010089248827359981 0.9997074638614779 -0.023173907860376836 -0.006921086148461195 -0.33605119693662483 0.0 0.0 0.0 1.0]
Frame:12, T_inverse:[0.028775291911552783 -0.8690156382886414 -0.49394708762810946 0.02548029952716044 0.005431267361139677 0.4942803858749634 -0.8692855655571184 -0.01009737905044956 0.9995710961212926 0.02233115349734114 0.018942937744579745 -0.3373889732622477 0.0 0.0 0.0 1.0]
Frame:13, T_inverse:[0.08106091304348093 -0.8664984249294305 -0.49255417429085835 0.025274906128924562 0.0054139709809460385 0.49455595613289943 -0.8691289187066086 -0.010105477647869692 0.9966944458282135 0.0677856899570844 0.044780367348667374 -0.33871793707305614 0.0 0.0 0.0 1.0]
Frame:14, T_inverse:[0.1331029983336933 -0.8616077647117041 -0.4898118244877296 0.025007478445113866 0.005379952984472636 0.49483002727606346 -0.8689731150098623 -0.010113424250687274 0.9910876016960595 0.11302775572285059 0.07049877877675514 -0.34003403105578045 0.0 0.0 0.0 1.0]
Frame:15, T_inverse:[0.18481076651112657 -0.854351379942913 -0.4857249835926232 0.024661040970196915 0.005329627200541777 0.49510265479188 -0.8688181773420761 -0.010121372902068746 0.9827596912808326 0.15797823834889027 0.09605366200387387 -0.34133492017135986 0.0 0.0 0.0 1.0]
Frame:16, T_inverse:[0.2359778958738274 -0.8447587926902651 -0.48030924984172374 0.024258858702531173 0.005262951913780383 0.4953719667345262 -0.8686650156070094 -0.010129160309716874 0.9717441641442919 0.20245787730489084 0.12134276702492258 -0.34261551208291996 0.0 0.0 0.0 1.0]
Frame:17, T_inverse:[0.2865104656890088 -0.8328490886271821 -0.4735757378353028 0.023785941130355585 0.005179855934049646 0.49563756063515896 -0.8685139463372418 -0.01013663847550114 0.9580630331402264 0.24638521894944712 0.14631942923787783 -0.3438733159345787 0.0 0.0 0.0 1.0]
Frame:18, T_inverse:[0.3362614701482462 -0.8186554368672928 -0.46554422261298306 0.023246462208846647 0.005081336553066722 0.4958996642155057 -0.8683649218810862 -0.010144194594629492 0.941754918217384 0.28963206983461404 0.1709118168087075 -0.3451049068913233 0.0 0.0 0.0 1.0]
Frame:19, T_inverse:[0.385098337632873 -0.802215183943491 -0.45623436441180754 0.022640382474691977 0.004966738559707016 0.49615634870577346 -0.8682188262093544 -0.010151342489351798 0.9228620061978763 0.3320834915768239 0.19505345781988803 -0.34630663936348427 0.0 0.0 0.0 1.0]
Frame:20, T_inverse:[0.4328615150095346 -0.7835823678432834 -0.4456788196692502 0.021979140980283574 0.00483713808194589 0.49640828340108745 -0.8680756683188328 -0.010158551242324072 0.9014474353434347 0.3736007442102995 0.21866632909675268 -0.34747507582006837 0.0 0.0 0.0 1.0]
Frame:21, T_inverse:[0.47945281359021896 -0.7627960770807858 -0.4338974672032954 0.021252038646326347 0.004692650346624528 0.49665344247931115 -0.8679361755841025 -0.010165435725230376 0.8775550337657175 0.41409824241629856 0.24170145281400923 -0.34860731122665 0.0 0.0 0.0 1.0]
Frame:22, T_inverse:[0.5247194269697354 -0.7399237069055475 -0.4209303464239388 0.02047089282398186 0.004533289667441175 0.4968921415325756 -0.8678004505236634 -0.010172105986214297 0.8512631658444165 0.4534435082629606 0.26408326801687826 -0.3496999884801651 0.0 0.0 0.0 1.0]
Frame:23, T_inverse:[0.568554657458146 -0.7150198250439102 -0.4068072853455762 0.019630790920899546 0.0043596934485483 0.49712305723614486 -0.8676690820352031 -0.010178459294587954 0.822633923130537 0.4915437594472297 0.2857589149951891 -0.35074981381935794 0.0 0.0 0.0 1.0]
Frame:24, T_inverse:[0.610826839213986 -0.688159377023348 -0.39156987726556935 0.018738924236299775 0.004172923369022963 0.4973450900462864 -0.8675425713358428 -0.010184500775969345 0.7917530898867264 0.5282842394175266 0.30666342417845965 -0.3517540952225373 0.0 0.0 0.0 1.0]
Frame:25, T_inverse:[0.6514285742692363 -0.6594102877205757 -0.3752584045602844 0.017793975946341935 0.003973059938272205 0.49755862833440806 -0.8674212348042442 -0.010190307563043703 0.7586995852933429 0.5635720933795625 0.32674377584976844 -0.352710518232681 0.0 0.0 0.0 1.0]
Frame:26, T_inverse:[0.6902473167798916 -0.6288509798591874 -0.35791773122386705 0.016799092962848136 0.0037598349710713554 0.4977633015679692 -0.8673047897476387 -0.01019578248624815 0.7235637949389755 0.597309092110933 0.34594415806727263 -0.35361641431774427 0.0 0.0 0.0 1.0]
Frame:27, T_inverse:[0.727165075069364 -0.5965760739459628 -0.3395997347743702 0.015762642149666488 0.003535388987706149 0.49795780993529054 -0.8671940344492657 -0.010201061118164748 0.6864535208573 0.629392541104552 0.3642066713984048 -0.35446881290850035 0.0 0.0 0.0 1.0]
Frame:28, T_inverse:[0.7620959841550374 -0.5626609431769883 -0.3203471153794933 0.014679852246234453 0.003299454400324832 0.49814065966474846 -0.8670899117979292 -0.010205640850855255 0.647455601621081 0.6597487827546082 0.3814875049433889 -0.35526592637096077 0.0 0.0 0.0 1.0]
Frame:29, T_inverse:[0.7949307476276225 -0.5272109350586169 -0.3002226899768346 0.013561003649722193 0.003051863140921522 0.49831386091646557 -0.8669913467110305 -0.010210075442027684 0.6066924227819018 0.6882818366871017 0.39773398590751147 -0.3560052410649401 0.0 0.0 0.0 1.0]
Frame:30, T_inverse:[0.8256003198112949 -0.4903008999635424 -0.27926530919817283 0.012397064036690414 0.0027952583174197746 0.49847502649849307 -0.8668995447374019 -0.010214200817730331 0.5642484216966897 0.7149318813219303 0.4129116685534015 -0.35668517462427013 0.0 0.0 0.0 1.0]
Frame:31, T_inverse:[0.8539980578488815 -0.45205764571515966 -0.25754844517759656 0.011204371176173305 0.0025296984939774383 0.4986245806377751 -0.8668143304377425 -0.010218128547709236 0.5202700249874708 0.7396062502463366 0.4269679957969452 -0.35730336510108296 0.0 0.0 0.0 1.0]
Frame:32, T_inverse:[0.8800615558004371 -0.4125653503546842 -0.23512016854584633 0.009976412641554987 0.0022549001470704893 0.49876139019366084 -0.866736395145108 -0.010221361116822418 0.4748542497806094 0.7622512409485814 0.43987102738093015 -0.35785842923449795 0.0 0.0 0.0 1.0]
Frame:33, T_inverse:[0.9037019177617504 -0.37195964304966866 -0.21205853246305373 0.008729412400412034 0.0019716339016731567 0.4988862133703248 -0.8666652685552003 -0.010224422954363046 0.4281575717129631 0.7827889496922973 0.4515777883396745 -0.3583478851550186 0.0 0.0 0.0 1.0]
Frame:34, T_inverse:[0.9248708807839243 -0.33032612471918543 -0.18841041446753584 0.007454648082744132 0.0016813776291765418 0.4989974194325169 -0.8666018711810984 -0.010226814042478563 0.38027751994133113 0.8011780347930826 0.4620635803662332 -0.3587713209857606 0.0 0.0 0.0 1.0]
Frame:35, T_inverse:[0.9435061024840797 -0.28778518791664853 -0.16424357019794897 0.006158259509113183 0.0013859108692270124 0.4990952823195595 -0.8665459526421777 -0.010229059973403051 0.3313523223924571 0.8173637768469805 0.47129829057476985 -0.3591275941784563 0.0 0.0 0.0 1.0]
Frame:36, T_inverse:[0.9595554304901338 -0.24445347448398236 -0.13962776719868433 0.004844613901493151 0.0010829532777150725 0.49918002956580654 -0.8664975929186528 -0.010230783037095062 0.2815177584336407 0.8313012509327449 0.4792556335632985 -0.3594155473188582 0.0 0.0 0.0 1.0]
Frame:37, T_inverse:[0.9729779505743709 -0.2004392697166538 -0.11462122209048416 0.003512217845593575 0.0007761400451023736 0.4992510923875376 -0.8664570420736679 -0.010232260235145455 0.23089677264598749 0.8429546271472819 0.48591587507094003 -0.35963454354709545 0.0 0.0 0.0 1.0]
Frame:38, T_inverse:[0.9837258585895945 -0.15590441085447537 -0.08931518573846059 0.002182234940173745 0.00046681650943621576 0.4993068728988121 -0.86642504845045 -0.010232905366257398 0.17967517305479516 0.85228302877094 0.4912538785267222 -0.3597837623354673 0.0 0.0 0.0 1.0]
Frame:39, T_inverse:[0.9917802931954064 -0.11093398098304298 -0.06376138058186187 0.0008428857691494537 0.00015322930459821902 0.49934978133780195 -0.8664004278928191 -0.010233597621870172 0.12795248497773878 0.8592690995898563 0.4952622919470889 -0.3598630286351474 0.0 0.0 0.0 1.0]
Frame:40, T_inverse:[0.9971180569682467 -0.0656479766582299 -0.038025313600804335 -0.0005036989322341643 -0.0001618809716837215 0.49937752700917015 -0.8663845089710025 -0.01023355381786663 0.07586538071034532 0.8638937770813191 0.49792774021242453 -0.35987203791612615 0.0 0.0 0.0 1.0]
Frame:41, T_inverse:[0.999722214403308 -0.02017567542076279 -0.012182287730125174 -0.0018514386730648258 -0.0004790436391842144 0.49939070658411044 -0.8663766283695437 -0.010233020639648921 0.02356345681225185 0.8661417729525605 0.49924232924976536 -0.3598106355243718 0.0 0.0 0.0 1.0]
Frame:42, T_inverse:[0.9995857283039207 0.025323715831949492 0.013679230974356495 -0.003182512459153316 -0.0007953857718821388 0.49939052573249837 -0.8663766178725253 -0.010232450952757282 -0.028771153479927643 0.8660067790820579 0.4992037645779007 -0.35967914509657434 0.0 0.0 0.0 1.0]
Frame:43, T_inverse:[0.99670817574628 0.07078749737922019 0.03952092460244072 -0.004518737038419467 -0.001112845838790776 0.49937524085526214 -0.8663850773778442 -0.010231167258355609 -0.08106500995102392 0.8634891256689302 0.49781016922479016 -0.3594772959991975 0.0 0.0 0.0 1.0]
Frame:44, T_inverse:[0.9911003351013511 0.11603328788940775 0.06524128464160789 -0.005832720778935849 -0.0014282682603932732 0.4993456783148492 -0.8664016434928639 -0.01022956367748471 -0.13310938701558225 0.8585977465265572 0.49506740436974356 -0.3592063233477253 0.0 0.0 0.0 1.0]
Frame:45, T_inverse:[0.9827768524336393 0.1609593057448964 0.09078398607908844 -0.007130394174627106 -0.0017396476295825907 0.49930210521658425 -0.8664261871400848 -0.010227542135430135 -0.1847879944516077 0.8513456846799189 0.49098256473403606 -0.35886679413900757 0.0 0.0 0.0 1.0]
Frame:46, T_inverse:[0.9717572734914722 0.20545710835430567 0.1160825551040153 -0.008413406388085583 -0.002050330624443151 0.49924390046111333 -0.866459064558635 -0.010225065222753214 -0.23597367904727426 0.8417498975777675 0.4855651620705587 -0.35845958666045213 0.0 0.0 0.0 1.0]
Frame:47, T_inverse:[0.9580736809795256 0.24939122129307462 0.1410632405271867 -0.00967344975835026 -0.0023566333525828083 0.499171914778699 -0.8664997359210559 -0.010222286514763193 -0.2865122576097248 0.8298381365244504 0.4788311885945571 -0.35798602372259547 0.0 0.0 0.0 1.0]
Frame:48, T_inverse:[0.9417659810507212 0.29263536733164497 0.1656544501530773 -0.010904362596446783 -0.0026573688802378754 0.4990860475779788 -0.8665483352610843 -0.010218949001570157 -0.3362585064240091 0.8156455038192902 0.4707999120966684 -0.3574473216251637 0.0 0.0 0.0 1.0]
Frame:49, T_inverse:[0.9228762418433221 0.3350798910448268 0.18979173279342731 -0.012106125973928628 -0.0029538679579044565 0.49898679312947325 -0.8666045336517904 -0.010215482513214049 -0.3850853371925604 0.7992080925259384 0.4614928278329161 -0.35684499731130387 0.0 0.0 0.0 1.0]
Frame:50, T_inverse:[0.9014595158533096 0.3766011418036139 0.21340641574778155 -0.013272730773389469 -0.0032431279781031924 0.49887344660191335 -0.8666686043360293 -0.01021126333321232 -0.43285122953011174 0.780574536258397 0.4509355884377235 -0.35618058514026285 0.0 0.0 0.0 1.0]
Frame:51, T_inverse:[0.8775675427081628 0.4170978266420089 0.23644146957514064 -0.014406519519161805 -0.0035249336578012367 0.4987479678588618 -0.866739704361867 -0.010206928006163107 -0.47944004444118 0.759789123711765 0.4391552966631815 -0.35545585914990663 0.0 0.0 0.0 1.0]
Frame:52, T_inverse:[0.8512775391040992 0.45644104280211134 0.25882066120404185 -0.01549565804569727 -0.0037999868361056786 0.49860868322212826 -0.8668188660529048 -0.010202043601148075 -0.5247019141515943 0.7369198645328573 0.42618885084205715 -0.3546733368350925 0.0 0.0 0.0 1.0]
Frame:53, T_inverse:[0.8226420927826721 0.4945493325447564 0.28050126506975964 -0.01655043340385345 -0.00406552576334078 0.49845826313460606 -0.8669041291850109 -0.01019710570642069 -0.5685450367643025 0.7120114787612027 0.4120633468618138 -0.3538337754945257 0.0 0.0 0.0 1.0]
Frame:54, T_inverse:[0.7917575209419275 0.5312934423803033 0.30140875862534566 -0.01755594048292824 -0.004320830099657708 0.4982958948281868 -0.8669962460965296 -0.010191633609680006 -0.6108201530679 0.6851484673029022 0.3968251598165245 -0.3529403460396976 0.0 0.0 0.0 1.0]
Frame:55, T_inverse:[0.7587042682300984 0.5665802043242206 0.32148831589009175 -0.018512440228006844 -0.004567119750512195 0.49812190580879173 -0.8670949643788198 -0.01018601854747565 -0.6514192054653116 0.6564003627141362 0.3805148595758802 -0.3519957900184107 0.0 0.0 0.0 1.0]
Frame:56, T_inverse:[0.7235692237217937 0.6003160785351009 0.34068785445674266 -0.019419294429741878 -0.004802153497157615 0.49793648049276606 -0.8672002162025456 -0.010179869184230573 -0.6902351072911362 0.6258433278338474 0.36317433825336964 -0.3510023999062618 0.0 0.0 0.0 1.0]
Frame:57, T_inverse:[0.6864520380238274 0.6324049474826646 0.3589534116859018 -0.020272188951364994 -0.005025516099371568 0.4977412612402796 -0.8673110161782108 -0.010173559360164341 -0.7271577260456529 0.5935634570157601 0.3448536609922683 -0.3499629363307274 0.0 0.0 0.0 1.0]
Frame:58, T_inverse:[0.6474452088615766 0.662766717304058 0.37623795256691206 -0.021073499669908954 -0.005237323473774103 0.49753570502585864 -0.8674276675217321 -0.010167015981321994 -0.7620939944268296 0.5596414123281352 0.3255982231435132 -0.3488801506782609 0.0 0.0 0.0 1.0]
Frame:59, T_inverse:[0.6066826670934841 0.6912977197603145 0.3924838916805077 -0.021808218956896195 -0.005436247427243299 0.4973215098629539 -0.8675492844540099 -0.010160331984918763 -0.7949255437735148 0.52419347984349 0.3054743996259694 -0.34775769206234575 0.0 0.0 0.0 1.0]
Frame:60, T_inverse:[0.5642431671150496 0.7179437974193665 0.4076596144865808 -0.022489660437538528 -0.005621826036616084 0.4970982297045689 -0.8676760361213385 -0.010153317383147436 -0.8255895074554518 0.4872884435355382 0.28452044125824305 -0.3465976492664179 0.0 0.0 0.0 1.0]
Frame:61, T_inverse:[0.5202559010720745 0.7426224603030089 0.42171753155438535 -0.023109689853890447 -0.005794030355022704 0.4968663724315547 -0.8678076903386457 -0.010146041989465955 -0.8539907229947876 0.44903863997472937 0.26280045174710637 -0.34540369969892054 0.0 0.0 0.0 1.0]
Frame:62, T_inverse:[0.4748458137933182 0.765263371390407 0.4346186603694139 -0.023665191569841808 -0.0059521046719612294 0.49662744806357395 -0.8679433380219992 -0.010138729857574498 -0.8800488315829772 0.40955231479628 0.24037641143573504 -0.344179122426549 0.0 0.0 0.0 1.0]
Frame:63, T_inverse:[0.4281478632473394 0.7858007710389565 0.4463256404831235 -0.024150519171974662 -0.006095113866373058 0.4963818684004299 -0.8680828772949689 -0.010131120072898136 -0.9036881549463675 0.3689474170308254 0.21731439429639465 -0.34292712010602155 0.0 0.0 0.0 1.0]
Frame:64, T_inverse:[0.38025874688229366 0.8041924526578857 0.45681265477442984 -0.024576145448965594 -0.006223467010093528 0.4961291890170651 -0.8682264100413228 -0.010123302385730662 -0.9248591803020302 0.32730773513190164 0.1936623523187927 -0.3416505979743605 0.0 0.0 0.0 1.0]
Frame:65, T_inverse:[0.3313308908223645 0.8203780613811462 0.4660467386557541 -0.024932739252271404 -0.0063364777771934755 0.4958712621713285 -0.8683728860078161 -0.010115444404991333 -0.9434932596389043 0.28476560937001383 0.16949580626116356 -0.3403536737018033 0.0 0.0 0.0 1.0]
Frame:66, T_inverse:[0.28147165596721924 0.834320690509783 0.47400678931883033 -0.025229474561982747 -0.006433777230743398 0.4956085441183378 -0.8685220930395899 -0.010107459355879578 -0.9595478348253208 0.2414145699146199 0.14486766000657433 -0.33903946210516533 0.0 0.0 0.0 1.0]
Frame:67, T_inverse:[0.23088094270870074 0.8459654623593204 0.4806622084319303 -0.025442903738104775 -0.0065148562537254325 0.4953425489520827 -0.8686731685919608 -0.010099392489127938 -0.9729600483166749 0.19742850781021803 0.11987658104647686 -0.33771301415814764 0.0 0.0 0.0 1.0]
Frame:68, T_inverse:[0.1796443375121972 0.8552952431543492 0.4860016602688453 -0.02559125335344231 -0.0065799417107439235 0.49507270981300233 -0.8688265255347425 -0.010091270959321582 -0.9837094928431045 0.15288177099856262 0.09456487862511806 -0.33637667731372506 0.0 0.0 0.0 1.0]
Frame:69, T_inverse:[0.12790443423387324 0.8622822963062726 0.49000984753050386 -0.025673045025297207 -0.00662893132166637 0.49480011194809875 -0.868981522788611 -0.0100831625291209 -0.9917643207207062 0.10789833123812442 0.06900315048740088 -0.33503412473306954 0.0 0.0 0.0 1.0]
Frame:70, T_inverse:[0.0758176199866143 0.8669042811096608 0.4926749581127439 -0.025683204238424802 -0.006661515786470093 0.49452646398464967 -0.8691370319570801 -0.01007513395947239 -0.9970994402134489 0.06261394280293847 0.043268711234585505 -0.333689336092552 0.0 0.0 0.0 1.0]
Frame:71, T_inverse:[0.023546151381486177 0.8691494967255765 0.493988568781469 -0.02561557819130377 -0.006677264483037731 0.49425129320217787 -0.869293422228393 -0.010066959832230419 -0.999700416596703 0.017170005267744565 0.017441266485837312 -0.33234664343505965 0.0 0.0 0.0 1.0]
Frame:72, T_inverse:[-0.02881918169370662 0.8690133905466881 0.49394840091247666 -0.025487619067793364 -0.006676553411046887 0.49397536693215355 -0.8694502101788608 -0.01005884950634764 -0.999562302858614 -0.028354770970281554 -0.008433918962514808 -0.3310083509145368 0.0 0.0 0.0 1.0]
Frame:73, T_inverse:[-0.08109726508329343 0.866494917598912 0.49255414816690757 -0.025287251680793803 -0.006659296056200462 0.4936998654992672 -0.8696068064416568 -0.010050829854292728 -0.996683871446614 -0.0738028725661423 -0.034267421736946815 -0.3296784791611448 0.0 0.0 0.0 1.0]
Frame:74, T_inverse:[-0.13315028745210028 0.8616009902806522 0.48981054362705806 -0.02501663191818053 -0.006625225862577231 0.4934264142481661 -0.8697622379795533 -0.010042772042749285 -0.9910735024185016 -0.1190543640982624 -0.05999147657280564 -0.32836096873551895 0.0 0.0 0.0 1.0]
Frame:75, T_inverse:[-0.18483861559813375 0.8543460212142175 0.4857236964649945 -0.02467752623407989 -0.006575079455896032 0.49315393498960974 -0.8699171635137755 -0.010034948224980491 -0.9827468188287133 -0.16398800539305652 -0.08553646835081018 -0.3270596335204659 0.0 0.0 0.0 1.0]
Frame:76, T_inverse:[-0.23601941381865219 0.8447491425027384 0.48030586413261245 -0.024270609837460707 -0.00650842845258301 0.4928845158534528 -0.8700703772037844 -0.010027204046444428 -0.9717265542722904 -0.20847953174749292 -0.11083232303224087 -0.32577790830941766 0.0 0.0 0.0 1.0]
Frame:77, T_inverse:[-0.2865513226363634 0.8328375495063758 0.4735713296620604 -0.023796202245286845 -0.0064256112594480025 0.49261814782679664 -0.8702218102463645 -0.01001956390481278 -0.9580432742337635 -0.25240626805814137 -0.1358088358885634 -0.3245193242057913 0.0 0.0 0.0 1.0]
Frame:78, T_inverse:[-0.3362980767993398 0.8186432848752069 0.4655392155166061 -0.02325692304950426 -0.0063270144457447585 0.49235612398510376 -0.8703708528676447 -0.010012178721260617 -0.941734300902503 -0.29564953553596746 -0.16039885171270857 -0.323287366099699 0.0 0.0 0.0 1.0]
Frame:79, T_inverse:[-0.3851134903503768 0.802208824722986 0.45623303926327613 -0.022650250736855785 -0.006212517355412087 0.49209898394703866 -0.8705171092457542 -0.010004839082284531 -0.9228483420080065 -0.33808222838934066 -0.184530211100951 -0.3220856302469513 0.0 0.0 0.0 1.0]
Frame:80, T_inverse:[-0.43289340200436055 0.7835682914233714 0.4456724816851822 -0.021988705764587727 -0.006083120113673009 0.49184733753294335 -0.8706601814451167 -0.009997850878038141 -0.901424515333169 -0.37961417081387816 -0.20815088455184436 -0.32091665972756905 0.0 0.0 0.0 1.0]
Frame:81, T_inverse:[-0.4794699639149711 0.7627871151939524 0.43389383324261455 -0.021260570177952402 -0.005938173258902809 0.49160190479344984 -0.8707997348566205 -0.009990929039823855 -0.8775379007150864 -0.42009907373046723 -0.23117864761967494 -0.31978440308937234 0.0 0.0 0.0 1.0]
Frame:82, T_inverse:[-0.5247451712844089 0.7399096616595483 0.4209231553614249 -0.020478976614269555 -0.0057789543491571045 0.4913633227196416 -0.8709355706152081 -0.009984369441229293 -0.8512397953892494 -0.4594516900816679 -0.25356461178804185 -0.31869175402071737 0.0 0.0 0.0 1.0]
Frame:83, T_inverse:[-0.5685680575061735 0.7150111277888214 0.4068037241332243 -0.01963593364945052 -0.005606094097771129 0.4911331441507998 -0.8710664703203497 -0.00997799074498862 -0.8226170003187038 -0.49754119404285 -0.27523413584455 -0.3176412023975622 0.0 0.0 0.0 1.0]
Frame:84, T_inverse:[-0.6108418919205859 0.688148089373626 0.3915655456624419 -0.018742759711898604 -0.005418888611453582 0.4909106616001545 -0.8711928888689514 -0.009971822789447166 -0.7917335127112416 -0.5342833223954594 -0.29613956021327514 -0.31663574395561783 0.0 0.0 0.0 1.0]
Frame:85, T_inverse:[-0.6514389786312959 0.6594015187572593 0.3752556480620511 -0.017796887751953705 -0.005218636739072007 0.49069674337173225 -0.8713147746112351 -0.009966017874231665 -0.7586830558179399 -0.5695667438466613 -0.3162177648138149 -0.3156789020782331 0.0 0.0 0.0 1.0]
Frame:86, T_inverse:[-0.690259979300079 0.6288398408091409 0.3579128940785642 -0.016806274272108963 -0.00500569629476543 0.490492443499264 -0.8714310886358513 -0.009960463599883718 -0.7235441773525667 -0.6033055711148912 -0.3354195148367057 -0.3147724866813365 0.0 0.0 0.0 1.0]
Frame:87, T_inverse:[-0.7271828314555583 0.5965586210709313 0.339592265873572 -0.01576715251858538 -0.004781399370061619 0.4902984842901457 -0.8715414429947851 -0.009955317478156362 -0.6864271400197072 -0.6353937407753893 -0.3536842336152592 -0.31391954268280337 0.0 0.0 0.0 1.0]
Frame:88, T_inverse:[-0.7621081707674916 0.5626469377011297 0.3203424045795043 -0.01468279457576022 -0.004545152045135417 0.4901144256275963 -0.871646198514042 -0.009950474762048677 -0.6474335046766249 -0.6657448585654306 -0.37096283000883934 -0.3131222962943972 0.0 0.0 0.0 1.0]
Frame:89, T_inverse:[-0.7949472894199264 0.5271912682289053 0.30021324601206506 -0.013559042678465605 -0.004297875722165384 0.4899412938675677 -0.8717448120635173 -0.009946008730943747 -0.6066631284286254 -0.6942815195996744 -0.387211679484663 -0.3123829652564874 0.0 0.0 0.0 1.0]
Frame:90, T_inverse:[-0.825608001146947 0.4902903632743955 0.2792611447460924 -0.012398374210603757 -0.004040703550302056 0.4897794774455608 -0.8718369617933482 -0.009941981959377288 -0.5642296180567501 -0.7209240099255215 -0.40238471252707503 -0.31170344890157414 0.0 0.0 0.0 1.0]
Frame:91, T_inverse:[-0.8540009707593245 0.45205206622880184 0.25754829633281967 -0.011200874718225439 -0.0037749402237551456 0.4896300235488177 -0.8719221343284312 -0.009938329146560978 -0.5202575613795886 -0.7455945983442751 -0.41643801433142463 -0.3110857701527075 0.0 0.0 0.0 1.0]
Frame:92, T_inverse:[-0.880068960831583 0.4125525961057098 0.2351148297103023 -0.009982372044815791 -0.00349862233580697 0.4894921487407928 -0.8720006608513247 -0.009934926771389243 -0.4748330065021986 -0.7682433000085558 -0.4293434957415825 -0.31053123244421343 0.0 0.0 0.0 1.0]
Frame:93, T_inverse:[-0.9037065514859228 0.37194889622134064 0.21205531115689175 -0.00872478717980379 -0.0032170141021813704 0.4893686509685017 -0.8720709165989853 -0.009931832277321603 -0.4281391174719249 -0.7887788493170832 -0.4410488446496019 -0.3100412684498151 0.0 0.0 0.0 1.0]
Frame:94, T_inverse:[-0.9248830512829183 0.3302992719232261 0.18839708463486354 -0.007454416393645656 -0.0029263095926240538 0.48925681948613015 -0.872134809455006 -0.00992933881162247 -0.38024008084128635 -0.8071741519671264 -0.45153874171109065 -0.3096174101784473 0.0 0.0 0.0 1.0]
Frame:95, T_inverse:[-0.9435101681064594 0.28777323204162475 0.16424046725450317 -0.006152125241359528 -0.002630570936407179 0.4891594764340381 -0.8721903395384226 -0.009926924913963322 -0.33133283884456227 -0.8233525973983002 -0.460769871853907 -0.309261330503435 0.0 0.0 0.0 1.0]
Frame:96, T_inverse:[-0.9595558641628363 0.24445143670039204 0.13962779144039703 -0.004836170495771996 -0.002327898658422026 0.4890747397789318 -0.8722387525525525 -0.009925258350433168 -0.2815084330781929 -0.8372869156575588 -0.46872544343038863 -0.30897353373112274 0.0 0.0 0.0 1.0]
Frame:97, T_inverse:[-0.9729745296110638 0.20045074095186508 0.11462955142947001 -0.0035100098346194093 -0.0020223263848230923 0.4890043251680742 -0.8722789884849383 -0.009923937114426082 -0.23090332704698116 -0.8489371306531986 -0.47538337256255464 -0.30875486883682685 0.0 0.0 0.0 1.0]
Frame:98, T_inverse:[-0.9837267010040663 0.15589893392378035 0.08931583805000973 -0.002174896168626688 -0.0017126536431373135 0.4889477750458136 -0.8723114000290264 -0.009923056966455809 -0.17966320103699066 -0.8582689258172214 -0.48072397841515396 -0.308606039646703 0.0 0.0 0.0 1.0]
Frame:99, T_inverse:[-0.9917810887238099 0.11092734518859645 0.06375930458105711 -0.0008313667493529818 -0.0013980997842467455 0.488904959909084 -0.8723359224643094 -0.009922708562418754 -0.1279381518969819 -0.8652554659074299 -0.4847315725353277 -0.3085274341677771 0.0 0.0 0.0 1.0]
Frame:100, T_inverse:[-0.9971174132711771 0.06565346104785376 0.03803052405731037 0.0005151485548955003 -0.0010826554070035572 0.48887707633469407 -0.8723519864427892 -0.009922563027446428 -0.07586518207610843 -0.8698785726192376 -0.4873966981483504 -0.30851930738115035 0.0 0.0 0.0 1.0]
Frame:101, T_inverse:[-0.9997216458505199 0.02019162562364074 0.012193857159111204 0.0018575255719046253 -0.0007667023303861033 0.4888633690420446 -0.8723599738133457 -0.00992295584753633 -0.02357549739491874 -0.8721266420411318 -0.48871176539133027 -0.30858165810812666 0.0 0.0 0.0 1.0]
Frame:102, T_inverse:[-0.9995859735364866 -0.025315599640923513 -0.013672222470395262 0.0031980766148268624 -0.0004489725245781225 0.48886402814369195 -0.8723598419212899 -0.009923820517658902 0.02876817093711692 -0.8719925516720984 -0.4886729336534123 -0.30871407889052227 0.0 0.0 0.0 1.0]
Frame:103, T_inverse:[-0.9967101789215246 -0.07076656521590897 -0.03950760107764817 0.0045254096925225395 -0.00013219009778315285 0.48887883798528486 -0.8723516783506344 -0.009925212647422556 0.08104776203284096 -0.8694766151642198 -0.4872798539244971 -0.3089160260936948 0.0 0.0 0.0 1.0]
Frame:104, T_inverse:[-0.991103552506193 -0.1160124925795827 -0.06522754130657664 0.005844415378825749 0.0001824138174081143 0.48890844488025736 -0.8723350688154311 -0.009926797667407292 0.13309206389861344 -0.864586350818703 -0.4845376695578953 -0.309187224835788 0.0 0.0 0.0 1.0]
Frame:105, T_inverse:[-0.9827780095118919 -0.16095571904047576 -0.09077762481876228 0.0071417300821074465 0.0004951013477680393 0.4889523949397959 -0.8723103327311752 -0.009928791458531878 0.1847892702042304 -0.8573323676984637 -0.4804519467566656 -0.30952717791959855 0.0 0.0 0.0 1.0]
Frame:106, T_inverse:[-0.971759466168237 -0.20545004987689652 -0.11607583837149814 0.00842224727476214 0.0008058111695719511 0.4890107523322424 -0.8722773635274086 -0.009931235643147742 0.23597177192363133 -0.8477374075314614 -0.47503522006848287 -0.30993471345917867 0.0 0.0 0.0 1.0]
Frame:107, T_inverse:[-0.9580766673198149 -0.2493832616266765 -0.1410568815930554 0.009678937061452052 0.0011125491390960684 0.48908282777089085 -0.8722366117842869 -0.009934173692227767 0.2865097034794046 -0.8358265398849284 -0.46830138069137034 -0.31040890995602965 0.0 0.0 0.0 1.0]
Frame:108, T_inverse:[-0.9417722979725358 -0.29262101165670124 -0.16564370433974154 0.010913815102093249 0.0014135756108205348 0.4891691348762871 -0.8721878156072453 -0.009937274044288395 0.3362482622988697 -0.8216364635200977 -0.46027229646482104 -0.31094818082223613 0.0 0.0 0.0 1.0]
Frame:109, T_inverse:[-0.9228828807161827 -0.335065996930745 -0.18978172105702235 0.012115300273889584 0.0017090919876311028 0.4892688271296692 -0.8721312431354107 -0.009940844544992198 0.38507585228349633 -0.8051996931090164 -0.4509649395750004 -0.3115512284658191 0.0 0.0 0.0 1.0]
Frame:110, T_inverse:[-0.9014645750026298 -0.37659271058510513 -0.21339997712784853 0.013283788862811209 0.0019985045899658643 0.48938172298795884 -0.8720674034543158 -0.009944881620300139 0.43284825444958946 -0.7865643490201472 -0.44040764924906045 -0.31221661934626543 0.0 0.0 0.0 1.0]
Frame:111, T_inverse:[-0.877572833917592 -0.4170902634562775 -0.23643442969969747 0.01441481108235898 0.002280528484429541 0.4895071037792931 -0.8719962390947918 -0.009949408470569559 0.47943750760165327 -0.7657795992442883 -0.4286268466270144 -0.31294223794632586 0.0 0.0 0.0 1.0]
Frame:112, T_inverse:[-0.8512740228707585 -0.4564460005271455 -0.25882189719369636 0.015505351349064075 0.0025547597079298157 0.48964547961237703 -0.8719177204691024 -0.009954160410707517 0.5247144293508128 -0.7429025103413067 -0.4156561443568875 -0.313726141153427 0.0 0.0 0.0 1.0]
Frame:113, T_inverse:[-0.8226494966441111 -0.49454050018084006 -0.28049511668461236 0.016557623165508083 0.0028205976529636786 0.48979665162702735 -0.8718321428134067 -0.009959236147838982 0.5685418670689782 -0.7180033997624599 -0.40153606413774623 -0.3145655772691109 0.0 0.0 0.0 1.0]
Frame:114, T_inverse:[-0.7917623942103525 -0.5312889572957032 -0.30140385098358213 0.01756063790543261 0.0030764946544659384 0.4899592047345373 -0.8717399580773019 -0.009964632755670118 0.6108213783102393 -0.6911382053567973 -0.3862967598886956 -0.31545897911133747 0.0 0.0 0.0 1.0]
Frame:115, T_inverse:[-0.7587105812733688 -0.5665751390600087 -0.32148227131320184 0.01851810530876646 0.0033217206948491403 0.49013279970603685 -0.8716414402311508 -0.009970310889228685 0.6514193279505935 -0.6623914828121259 -0.36998692475799355 -0.31640362068938827 0.0 0.0 0.0 1.0]
Frame:116, T_inverse:[-0.7235828610208256 -0.6003048657300935 -0.34067819379249753 0.019426975703964275 0.0035568191909077507 0.4903174246237493 -0.8715365991694388 -0.009976427691785889 0.6902281286713117 -0.6318408366070731 -0.35265002087772745 -0.3173969471120691 0.0 0.0 0.0 1.0]
Frame:117, T_inverse:[-0.6864591160403534 -0.6324002219905124 -0.3589472228504003 0.02027579963182326 0.003780615877528153 0.4905131943488997 -0.8714254137748658 -0.009982680701555302 0.7271580830281047 -0.5995552811698259 -0.33432619762193294 -0.3184367096591778 0.0 0.0 0.0 1.0]
Frame:118, T_inverse:[-0.647457649829964 -0.6627589023837692 -0.3762301679371923 0.02107068773534423 0.003992486267295169 0.4907181877582395 -0.8713091782315043 -0.009989385027511599 0.7620909071263182 -0.5656379163217128 -0.3150731856091051 -0.3195198125523272 0.0 0.0 0.0 1.0]
Frame:119, T_inverse:[-0.6066971406611786 -0.6912897376201632 -0.3924755263054248 0.021814478666869655 0.004191195147904386 0.49093293741872 -0.8711872973039061 -0.009996101618252241 0.7949220391045122 -0.5301917677071137 -0.2949502940929886 -0.32064258286338976 0.0 0.0 0.0 1.0]
Frame:120, T_inverse:[-0.5643412491998321 -0.717887603675067 -0.40762269171194687 0.022524256303826196 0.004376577316471718 0.4911553861054543 -0.8710609512882866 -0.010003169392835118 0.8255299315329143 -0.49335965471848187 -0.2740373073383608 -0.32180073872788284 0.0 0.0 0.0 1.0]
Frame:121, T_inverse:[-0.5177833865774761 -0.743929240281 -0.4224564575002106 0.022164148794279453 0.0045575492307153576 0.4914000499172011 -0.8709219805689044 -0.010011573878492767 0.8554994649533851 -0.4528744064043827 -0.2510482173025646 -0.3231987820232829 0.0 0.0 0.0 1.0]
