Frame:1, T_inverse:[0.14008261319808088 -0.99013975128093 -1.5086659647953844e-05 0.025546756965776567 -0.2562793657960892 -0.03624294038809727 -0.9659229146265331 -0.12826224141531528 0.9563982419962097 0.1353127944722544 -0.2588293192276865 -0.35431352200230865 0.0 0.0 0.0 1.0]
Frame:2, T_inverse:[0.18886579166851505 -0.9820027141655234 -0.0004556426100200552 0.027007583956733836 -0.25424429199476006 -0.04844974043257792 -0.9659255392927663 -0.12796289421784637 0.948519539144277 0.1825460416101908 -0.2588189944726084 -0.3554707365520451 0.0 0.0 0.0 1.0]
Frame:3, T_inverse:[0.23993377462070803 -0.9707887384794762 -0.0008789350768342087 0.02752684928851953 -0.25143034339947906 -0.06126712347589586 -0.9659341429266163 -0.12760483730302144 0.9376642671330215 0.23198109364369265 -0.25878570222722413 -0.35685160633286556 0.0 0.0 0.0 1.0]
Frame:4, T_inverse:[0.2904123056477369 -0.9569007086179575 -0.0013112393871448757 0.0279466506938166 -0.2479472093459299 -0.07392651336104901 -0.9659488086189094 -0.12724075774615534 0.9242201445892343 0.28084853111236224 -0.25873002751357427 -0.3582577018113853 0.0 0.0 0.0 1.0]
Frame:5, T_inverse:[0.3401067360366679 -0.9403851702030107 -0.001742997987218022 0.02828518008248625 -0.24380678199602324 -0.08638651290757685 -0.9659687097883589 -0.12687140069613678 0.9082321216794874 0.3289573976251296 -0.2586529053543338 -0.35968356062951723 0.0 0.0 0.0 1.0]
Frame:6, T_inverse:[0.38884204765860564 -0.9213018552931246 -0.002160578761212321 0.028557213957821567 -0.23901888318867265 -0.09861417509062176 -0.9659943573852704 -0.1264980855200639 0.8897593867941628 0.37613560677064983 -0.25855387118688855 -0.36112383968784334 0.0 0.0 0.0 1.0]
Frame:7, T_inverse:[0.43653028852357223 -0.8996859018167412 -0.002583670853257579 0.028742123506012515 -0.23360003588735404 -0.11056929980674146 -0.9660256627677819 -0.12612197627138552 0.8688339368194454 0.4223030211593353 -0.25843352598132496 -0.3625764103098273 0.0 0.0 0.0 1.0]
Frame:8, T_inverse:[0.48302314877493596 -0.8756024829874901 -0.0029954196562675312 0.02884870059009014 -0.22756060945501483 -0.12222821638212257 -0.9660623621653703 -0.12574389839472302 0.8455204794917823 0.46731216123195307 -0.2582917020488085 -0.36403651236924883 0.0 0.0 0.0 1.0]
Frame:9, T_inverse:[0.5281900826991207 -0.8491193060275524 -0.003404952211074877 0.028875423671769793 -0.2209230447426372 -0.13354989550964097 -0.9661042460370284 -0.12536480392317245 0.8198830377999469 0.5110388791940704 -0.25812973213757934 -0.36550014138130044 0.0 0.0 0.0 1.0]
Frame:10, T_inverse:[0.5718961607502899 -0.8203172212006785 -0.0037965067258815275 0.028829890127323097 -0.21369916986297802 -0.1445120393932896 -0.9661516257695564 -0.12498601595210238 0.792002170205126 0.553349658150773 -0.25794699180544084 -0.3669627076791339 0.0 0.0 0.0 1.0]
Frame:11, T_inverse:[0.6140433376415625 -0.7892612600899442 -0.004171897753017604 0.028703356443302325 -0.20590688009046462 -0.15508780823767285 -0.966203910299271 -0.124607917656429 0.7619403732221841 0.5941500553450162 -0.2577449308213574 -0.3684210960076688 0.0 0.0 0.0 1.0]
Frame:12, T_inverse:[0.6545178640102677 -0.7560328068806178 -0.004552425853762126 0.028490040250468356 -0.19757980874886602 -0.16523172421750254 -0.9662611175536959 -0.12423233668323476 0.7297729326414951 0.6333345810427696 -0.257523908438509 -0.36987168308910306 0.0 0.0 0.0 1.0]
Frame:13, T_inverse:[0.6931799983196675 -0.7207477546320251 -0.004916994017625406 0.02820724513821567 -0.1887348462688887 -0.17492358972451616 -0.9663233395941334 -0.12386037278450601 0.6956152855860661 0.6707639876876705 -0.2572837459925445 -0.3713083841939679 0.0 0.0 0.0 1.0]
Frame:14, T_inverse:[0.7299502338384904 -0.6834801345414396 -0.0052563008712887375 0.027846180090920398 -0.1793851531767743 -0.18414961037374786 -0.9663901317377823 -0.12349209889279411 0.6595405008582862 0.7063596024522697 -0.25702623683516235 -0.3727290662734364 0.0 0.0 0.0 1.0]
Frame:15, T_inverse:[0.76472157143863 -0.6443365979358939 -0.005588496256850194 0.027406195314779253 -0.16956959280690828 -0.1928688997465416 -0.9664614884855595 -0.12312945808857492 0.6216486547006075 0.7400216508021396 -0.25675092444079106 -0.3741294772605851 0.0 0.0 0.0 1.0]
Frame:16, T_inverse:[0.7973915825497374 -0.6034333004540359 -0.005907705161973236 0.026893299596762954 -0.15931487532231645 -0.20106005622162545 -0.966536905840342 -0.12277304294728512 0.5820527678429817 0.7716495932354707 -0.25645950104959264 -0.37550563802647985 0.0 0.0 0.0 1.0]
Frame:17, T_inverse:[0.8278831578788756 -0.5608662454080895 -0.006212714469027709 0.026302280273250725 -0.14864448000898478 -0.20870389630868086 -0.966616536971519 -0.12242388119782736 0.5408459320781541 0.801169039912154 -0.256152103267411 -0.3768542498071507 0.0 0.0 0.0 1.0]
Frame:18, T_inverse:[0.8560993360429943 -0.5167704948841657 -0.00649719081558336 0.025643410552956564 -0.1375885664273376 -0.2157798282853237 -0.9666997638604574 -0.12208257037052023 0.4981599561716911 0.8284849630475443 -0.25583069081898074 -0.3781710653313294 0.0 0.0 0.0 1.0]
Frame:19, T_inverse:[0.8819730552595522 -0.471251229253631 -0.006765392573193083 0.024911181000360435 -0.1261767901207637 -0.2222674960924978 -0.966786711420864 -0.12175055356245926 0.45409570974897356 0.8535334833820168 -0.25549491809483377 -0.37945293079839043 0.0 0.0 0.0 1.0]
Frame:20, T_inverse:[0.9054221271391829 -0.42445453447781584 -0.0070050264948171796 0.024118251540393754 -0.11443582846068348 -0.22815094358462645 -0.9668771822887027 -0.12142857211244622 0.4087972387809322 0.8762336005805289 -0.2551457181987898 -0.3806955941817216 0.0 0.0 0.0 1.0]
Frame:21, T_inverse:[0.9263909138997158 -0.3764938807774076 -0.007229218948097172 0.02325804511852202 -0.10240614734992992 -0.23341066933703453 -0.9669707746767839 -0.12111748768807087 0.3623712095273304 0.8965332629617239 -0.25478479519450037 -0.3818963472302316 0.0 0.0 0.0 1.0]
Frame:22, T_inverse:[0.944825047563044 -0.32749080979540995 -0.00744209685069679 0.022328417098247663 -0.09012275622049973 -0.238031737424277 -0.9670670148981778 -0.12081821785205696 0.31493412045385816 0.9143798323843833 -0.2544127089855964 -0.3830519387720543 0.0 0.0 0.0 1.0]
Frame:23, T_inverse:[0.9606728434195763 -0.2775779589619812 -0.007625685583330298 0.021335279418027746 -0.07760295106942217 -0.24200677078529534 -0.967166204661987 -0.12053154826890362 0.2666185767385594 0.9297221464851914 -0.25403020214747135 -0.3841586882789105 0.0 0.0 0.0 1.0]
Frame:24, T_inverse:[0.9738796083666525 -0.22693098981951657 -0.007797266653533297 0.0202911816962186 -0.0649076693935637 -0.24531762977411922 -0.9672672405676102 -0.12025837209332087 0.21759013826622997 0.9425079591594383 -0.2536393934771738 -0.38521334998643114 0.0 0.0 0.0 1.0]
Frame:25, T_inverse:[0.9844201415036791 -0.17565252444848076 -0.007945633737476105 0.019188524698459154 -0.05205220996236257 -0.24796031399591373 -0.9673707060526946 -0.11999936175726823 0.16795091493885952 0.9527127748484459 -0.25324022557000514 -0.38621378197470174 0.0 0.0 0.0 1.0]
Frame:26, T_inverse:[0.9922651761238267 -0.12387383202116668 -0.008068734515176031 0.01802752691943939 -0.03906803845625241 -0.2499280146918326 -0.967475843393366 -0.11975488172719674 0.1178283444740138 0.9603078347393356 -0.2528343612686147 -0.38715735378380917 0.0 0.0 0.0 1.0]
Frame:27, T_inverse:[0.9973869960343722 -0.07178105010754447 -0.008164807542815962 0.0168270422087469 -0.02600044242009552 -0.25121341928340757 -0.9675821607212628 -0.11952569727228132 0.06740296505065729 0.9652661986021297 -0.25242333803549505 -0.3880407002521808 0.0 0.0 0.0 1.0]
Frame:28, T_inverse:[0.9997760118404154 -0.019489666857443907 -0.00825137085001312 0.015576999141977143 -0.012895399428731304 -0.25181239295776947 -0.9676900624538025 -0.11931306258462379 0.016782158381809457 0.9675796919554198 -0.2520073025130993 -0.38886203239634226 0.0 0.0 0.0 1.0]
Frame:29, T_inverse:[0.9994251296241635 0.03286914835930824 -0.008305791697011422 0.014281511603366768 0.0002357568845162263 -0.25172416423196753 -0.967798979497471 -0.11911709416492663 -0.033901497420454264 0.9672407037563844 -0.25158719751337555 -0.38961908644375015 0.0 0.0 0.0 1.0]
Frame:30, T_inverse:[0.9963353722395174 0.0851256344806027 -0.008336447778830875 0.01295127632894868 0.013342217886719548 -0.25094951884473965 -0.9679081753985815 -0.1189381108126922 -0.08448583414901768 0.9642499268547767 -0.251165637425123 -0.3903094297433047 0.0 0.0 0.0 1.0]
Frame:31, T_inverse:[0.9905150671092118 0.1371501505561599 -0.008351610820347223 0.01158343036840697 0.02638341757855616 -0.24949050691900096 -0.9680175864572875 -0.1187770129126651 -0.13484742571594446 0.9586156955162518 -0.25074257973677866 -0.3909314524447213 0.0 0.0 0.0 1.0]
Frame:32, T_inverse:[0.9819763750299217 0.18881972715580786 -0.008336098713209112 0.01017807277045503 0.0393430977730221 -0.24734902338895803 -0.9681272120624205 -0.11863382552619692 -0.1848634628949302 0.9503501076382093 -0.2503196425540942 -0.3914836730241195 0.0 0.0 0.0 1.0]
Frame:33, T_inverse:[0.9707551361121254 0.2399281520177991 -0.008301177602044284 0.008759501026327974 0.052158712330152714 -0.24453483059416445 -0.9682363805913803 -0.11850969430604245 -0.23433714409022527 0.9394874812929338 -0.2498977836210866 -0.3919631223486988 0.0 0.0 0.0 1.0]
Frame:34, T_inverse:[0.9568663257619531 0.29041130778639856 -0.00824907063944278 0.007304331938845837 0.0648124016156572 -0.2410537942630151 -0.9683451670015132 -0.11840420474671767 -0.28320686289853064 0.9260422731841342 -0.24947851596530998 -0.3923700353153329 0.0 0.0 0.0 1.0]
Frame:35, T_inverse:[0.9403558158676543 0.3400943572110377 -0.008169906424816267 0.005831460016462596 0.07726953759759045 -0.2369137597411631 -0.9684530295029392 -0.11831811406806059 -0.3313009814329794 0.9100591931719467 -0.24906216721951416 -0.3927029051469534 0.0 0.0 0.0 1.0]
Frame:36, T_inverse:[0.9212683449486639 0.388843891036564 -0.008066849958399673 0.004343419811303829 0.08949444716609463 -0.23212786360905324 -0.9685591121270325 -0.11825094545563034 -0.37849093903236203 0.8915808781952401 -0.24865139875350667 -0.3929606159137654 0.0 0.0 0.0 1.0]
Frame:37, T_inverse:[0.8996546171310729 0.4365299758675872 -0.007945650647996376 0.0028418496148995853 0.10144863839207699 -0.22670930032794895 -0.9686645701938544 -0.11820389148494817 -0.4246524869635129 0.8706574754306781 -0.24824544320047287 -0.3931429712899558 0.0 0.0 0.0 1.0]
Frame:38, T_inverse:[0.8755755813826781 0.4830182416248468 -0.007799900975551036 0.0013335566376077505 0.11310520893755946 -0.220671778358505 -0.9687679785112784 -0.1181763676654949 -0.46965377397351293 0.8473473219912456 -0.24784670329518735 -0.39324898810760517 0.0 0.0 0.0 1.0]
Frame:39, T_inverse:[0.8491017986388435 0.5281742014773274 -0.007624489733640488 -0.000173297900296503 0.12443456368069514 -0.21402934318645747 -0.9688692061028558 -0.11816870017728856 -0.5133635631394605 0.8217198963787006 -0.24745583561646506 -0.3932785114356125 0.0 0.0 0.0 1.0]
Frame:40, T_inverse:[0.8202913765379576 0.5718974351346375 -0.007445688183713392 -0.0016895330261637472 0.13539004797928808 -0.2068096659402938 -0.9689681687987277 -0.11818104835148856 -0.5556902150287459 0.793828145645445 -0.24707340291391602 -0.3932314147204925 0.0 0.0 0.0 1.0]
Frame:41, T_inverse:[0.789233307996468 0.6140508399326273 -0.007230805938684524 -0.0031968705635857333 0.145964548366676 -0.19901801577008424 -0.9690645862251851 -0.11821313010304611 -0.5964940336666098 0.76376258773605 -0.24670130495047202 -0.3931079949093854 0.0 0.0 0.0 1.0]
Frame:42, T_inverse:[0.7560231943283714 0.6545072772629599 -0.007012258676175655 -0.004692648023962352 0.15610172541569958 -0.19069688702002768 -0.9691578356452016 -0.11826455684753508 -0.635658085416791 0.7316111672930837 -0.24634097688444073 -0.3929084976821589 0.0 0.0 0.0 1.0]
Frame:43, T_inverse:[0.7207331532743844 0.6931795807071075 -0.006761808731385966 -0.006177319153998745 0.16580081479983358 -0.18184605631864065 -0.9692481302214586 -0.11833598284365895 -0.673092711417698 0.6974481775923478 -0.24599221576013827 -0.3926328699036931 0.0 0.0 0.0 1.0]
Frame:44, T_inverse:[0.6834658719864112 0.7299535475547554 -0.006493927359763643 -0.007645998155277468 0.17502284642324906 -0.1724998435080988 -0.9693351540209019 -0.11842686226222994 -0.7086898931595325 0.6613708554257923 -0.24565629280517234 -0.3922823762937071 0.0 0.0 0.0 1.0]
Frame:45, T_inverse:[0.6443394144548045 0.7647144537271685 -0.00619890329170512 -0.009085262927883628 0.18374633012798464 -0.16268056391233868 -0.9694183831117826 -0.11853665944544078 -0.7423368195586932 0.6234953361050668 -0.2453349234812691 -0.3918583001841628 0.0 0.0 0.0 1.0]
Frame:46, T_inverse:[0.6034257986116154 0.797397209694637 -0.005904471401895464 -0.010512946228531654 0.19193720032909284 -0.15242607926843948 -0.9694978691567315 -0.11866533897169387 -0.7739750272053734 0.5838867464882715 -0.24502798427258343 -0.3913612845117329 0.0 0.0 0.0 1.0]
Frame:47, T_inverse:[0.5608692897887324 0.8278854920363307 -0.005585385877404589 -0.011905196386331628 0.19958311143800117 -0.1417532046312024 -0.969573334085546 -0.11881255404027216 -0.8034874904420666 0.5426891415636408 -0.2447369532485845 -0.3907929641653223 0.0 0.0 0.0 1.0]
Frame:48, T_inverse:[0.5167676550172137 0.8561095168559723 -0.0052599509095883675 -0.013269741466416265 0.2066564586823378 -0.13070011113217597 -0.969644528382638 -0.11897774934213542 -0.8308093992838096 0.49999388736266825 -0.24446213727312865 -0.39015488766350465 0.0 0.0 0.0 1.0]
Frame:49, T_inverse:[0.47125200286111224 0.8819849259542031 -0.0049076938708816084 -0.014594221034941174 0.2131472782738988 -0.11928215895785475 -0.9697112342269114 -0.11916072617353196 -0.8558561321162729 0.45593225408943244 -0.24420461783506242 -0.38944876802766576 0.0 0.0 0.0 1.0]
Frame:50, T_inverse:[0.42445080248825334 0.9054395842990687 -0.0045506888993754905 -0.015878231858897977 0.21902700722727356 -0.10754924374497607 -0.9697733276929964 -0.11936069617404053 -0.8785606168537968 0.41062435086695825 -0.24396508586582305 -0.3886766041704307 0.0 0.0 0.0 1.0]
Frame:51, T_inverse:[0.37646930551522506 0.9264197141028992 -0.004170931199656514 -0.017122853351953623 0.22428977912860326 -0.09551108570102182 -0.9698307949300605 -0.11957765517711738 -0.8988687203335936 0.3641760669754401 -0.2437434719213327 -0.3878402623771354 0.0 0.0 0.0 1.0]
Frame:52, T_inverse:[0.3274923944542846 0.9448461187332328 -0.0037852349012732944 -0.018308152339559965 0.22891097004145103 -0.08322796780343655 -0.969882695460905 -0.11980997267414238 -0.9167051214628897 0.31676261612367773 -0.24354206665246783 -0.38694282001783936 0.0 0.0 0.0 1.0]
Frame:53, T_inverse:[0.27758190863659477 0.960695975248136 -0.0033992990700455576 -0.01945872274340543 0.23288218791797954 -0.07072064539334715 -0.969930225837805 -0.12005808079719216 -0.9320483949128996 0.26844350677584417 -0.24335979161063892 -0.38598491578637895 0.0 0.0 0.0 1.0]
Frame:54, T_inverse:[0.22691240339114235 0.9739104814263538 -0.0029920120262563175 -0.02055259592227464 0.23619647889158277 -0.05801144525038303 -0.9699719739001621 -0.12032098445641422 -0.9448395786558451 0.21939189655307484 -0.24319767896005692 -0.3849702781004935 0.0 0.0 0.0 1.0]
Frame:55, T_inverse:[0.17564889795361127 0.984449533226237 -0.0025815097908750205 -0.021581351506348462 0.23883891343092906 -0.04515813563613381 -0.9700086195408556 -0.12059752439985306 -0.9550410755761753 0.1697643985429281 -0.24305683617215645 -0.38390264207916913 0.0 0.0 0.0 1.0]
Frame:56, T_inverse:[0.12388393227605131 0.9922943201212696 -0.0021573299054562962 -0.022556646184801053 0.24080648880806924 -0.03217256321297348 -0.9700397090343097 -0.12088756761903936 -0.962634336388634 0.11965276595284842 -0.24293651610189615 -0.38278346071327785 0.0 0.0 0.0 1.0]
Frame:57, T_inverse:[0.07177319915938946 0.9974194284909094 -0.0017294949658489555 -0.023472671656560862 0.24209186354138396 -0.019102620706849725 -0.9700651885348717 -0.12118984296594935 -0.9675949765947837 0.069205911430585 -0.242838107939418 -0.38161639318249735 0.0 0.0 0.0 1.0]
Frame:58, T_inverse:[0.019462798395256192 0.9998095870422145 -0.0013109594701524833 -0.024328286285866592 0.2426904863725841 -0.005996140659424398 -0.970085115788594 -0.12150356318243136 -0.9699083966880612 0.018562276644944985 -0.2427608745669621 -0.3804043219392125 0.0 0.0 0.0 1.0]
Frame:59, T_inverse:[-0.03287665568462509 0.9994589986756094 -0.0008627387815611446 -0.02510348340261938 0.24260269600522802 0.007142947348118635 -0.970099359216333 -0.12182826274341003 -0.9695684291322868 -0.032102974228469465 -0.2427062542130429 -0.37915199967813445 0.0 0.0 0.0 1.0]
Frame:60, T_inverse:[-0.08515723003351534 0.996367276379047 -0.00042966217618026084 -0.025824159236173008 0.24182719751834802 0.020250243799760967 -0.9701078714669534 -0.12216271979074297 -0.9665752002178998 -0.08271574202783666 -0.24267305284078247 -0.37786057839282955 0.0 0.0 0.0 1.0]
Frame:61, T_inverse:[-0.1371741999972992 0.9905467118936528 8.86673398075246e-06 -0.02646293217773445 0.24036727183054166 0.03329581400077172 -0.9701105572657132 -0.12250587996325436 -0.9609403112940759 -0.13307225085114 -0.24266214403664135 -0.37653567653567493 0.0 0.0 0.0 1.0]
Frame:62, T_inverse:[-0.18882399414064552 0.9820106120173016 0.0004367760532299429 -0.02703431208626927 0.23822808005557122 0.04623896347835438 -0.970107685627926 -0.12285689437935374 -0.9526764464474167 -0.1830758070333076 -0.2426733376310709 -0.37517976497953887 0.0 0.0 0.0 1.0]
Frame:63, T_inverse:[-0.2399561919358209 0.9707832588934466 0.0008846977940576688 -0.027527165636843588 0.23541036283444505 0.059072367900013405 -0.9700991496021258 -0.12321547563130308 -0.9418083003370404 -0.23257307078570008 -0.24270720096462595 -0.37379664281076275 0.0 0.0 0.0 1.0]
Frame:64, T_inverse:[-0.2904456916884009 0.9568904660656065 0.001316926740685529 -0.027952553224977944 0.23192653469739463 0.07173199706836968 -0.9700847912933775 -0.12357998688337075 -0.928359424400565 -0.28145158207595733 -0.2427624911327528 -0.37238946615363766 0.0 0.0 0.0 1.0]
Frame:65, T_inverse:[-0.3401249257029096 0.9403786106771819 0.0017401398614854799 -0.02829747597738361 0.22778765136036488 0.08418348251686741 -0.9700648890761348 -0.12394928953944606 -0.9123747753616259 -0.32954691001034453 -0.2428394917984896 -0.37096333178301777 0.0 0.0 0.0 1.0]
Frame:66, T_inverse:[-0.38888359239621884 0.9212844323074865 0.0021623126857495422 -0.028568509238990156 0.2230007140703758 0.09640759310105244 -0.9700393567525105 -0.12432280584542235 -0.8938905293098864 -0.37675014895674863 -0.2429384553854922 -0.3695215476957351 0.0 0.0 0.0 1.0]
Frame:67, T_inverse:[-0.43655817031904254 0.8996722616551288 0.0025867245337149528 -0.02875285049738983 0.21757966034863582 0.10836765571510751 -0.9700079578928275 -0.12469914812827362 -0.8729696300962712 -0.42290213990711933 -0.24305912224393594 -0.3680687869790975 0.0 0.0 0.0 1.0]
Frame:68, T_inverse:[-0.48304482286240313 0.8755904612623753 0.002995455358156077 -0.028863445465461664 0.2115430069089354 0.12002221080587626 -0.969971205675357 -0.12507720847665602 -0.8496570617563244 -0.4679059402120319 -0.24320110741925763 -0.366608170891423 0.0 0.0 0.0 1.0]
Frame:69, T_inverse:[-0.528215301765416 0.8491035962537647 0.003402056221907611 -0.02889651754222246 0.2048998383347636 0.13135147669738903 -0.9699292673080396 -0.12545669005548718 -0.8240173363600121 -0.5116344069774367 -0.2433630181645288 -0.36514387393146147 0.0 0.0 0.0 1.0]
Frame:70, T_inverse:[-0.5719263721319441 0.8202960787934644 0.003799451252739049 -0.028846177794804057 0.19767466706476894 0.14231496938647492 -0.9698820257584856 -0.12583588455792502 -0.7961311575989027 -0.5539500946863194 -0.24354538654078517 -0.3636803141933806 0.0 0.0 0.0 1.0]
Frame:71, T_inverse:[-0.6140708454153507 0.7892398549713278 0.004180972901949199 -0.028718213002466093 0.18988866499379287 0.15288118236946907 -0.9698297107819295 -0.12621371277677818 -0.7660674030425064 -0.5947502053853001 -0.243747583294997 -0.3622214101606728 0.0 0.0 0.0 1.0]
Frame:72, T_inverse:[-0.6545309810944927 0.756021540837615 0.004551930648228924 -0.028510919827101574 0.1815602978542157 0.16302598785134684 -0.9697723278041555 -0.1265893002778121 -0.7339108734516375 -0.6339195426202259 -0.2439690786649901 -0.36077102446822784 0.0 0.0 0.0 1.0]
Frame:73, T_inverse:[-0.6932101021566156 0.7207187713103974 0.004912058996610052 -0.028230499959467137 0.17270835375347912 0.17272544921354047 -0.9697101047645033 -0.12696198229364725 -0.6997367309898287 -0.671364551741157 -0.24420914459624535 -0.3593321296495241 0.0 0.0 0.0 1.0]
Frame:74, T_inverse:[-0.7299691195411526 0.68345952509561 0.005256995273729328 -0.02786480732857812 0.16336680684285626 0.1819424098463756 -0.9696432348509868 -0.12733017126034382 -0.6636684466487723 -0.7069510859185802 -0.24446674511543157 -0.3579102110980508 0.0 0.0 0.0 1.0]
Frame:75, T_inverse:[-0.7647462897211245 0.6443073004346704 0.005584897834300331 -0.027431915304730343 0.1535529104621587 0.1906605540587599 -0.9695720772447713 -0.12769325324471345 -0.6257671915494574 -0.740619074622616 -0.24474218402380613 -0.3565081171545698 0.0 0.0 0.0 1.0]
Frame:76, T_inverse:[-0.7974080612441856 0.6034113557957795 0.005911173211669312 -0.026911691793774836 0.14329117202464192 0.1988567341249492 -0.9694965829802795 -0.12805024325970474 -0.5861807360826359 -0.7722374395392765 -0.24503345564963463 -0.35513101177393963 0.0 0.0 0.0 1.0]
Frame:77, T_inverse:[-0.8278967202941486 0.5608463384143776 0.006202029842457567 -0.02632789336463265 0.13262576684054866 0.206496420836375 -0.9694171616924404 -0.12839974740413265 -0.5449747627047296 -0.8017547003851873 -0.24534040828068185 -0.35378121749465813 0.0 0.0 0.0 1.0]
Frame:78, T_inverse:[-0.8561185373372336 0.5167386891141528 0.006491967350186175 -0.02567030809482702 0.12156086616396221 0.21357681047573426 -0.9693337184804804 -0.12874138792800913 -0.5022787830714777 -0.8290753994206127 -0.24566224382364477 -0.35246305458121346 0.0 0.0 0.0 1.0]
Frame:79, T_inverse:[-0.8819801588696178 0.47123794763898175 0.006761618048627746 -0.02493448757417624 0.11014838134786273 0.22006373505592225 -0.9692467275046824 -0.12907362567296718 -0.4582338366241027 -0.854111676966071 -0.24599791601704873 -0.3511809155347372 0.0 0.0 0.0 1.0]
Frame:80, T_inverse:[-0.9054265330225458 0.42444488027455585 0.007008695678195309 -0.0241316717978519 0.09841510524635343 0.22594265635109834 -0.9691564621407204 -0.12939587554585716 -0.4129370948307717 -0.8768103404468097 -0.24634617207375992 -0.3499374076488609 0.0 0.0 0.0 1.0]
Frame:81, T_inverse:[-0.9264009433082965 0.3764687337819642 0.007237914649749657 -0.02326918401627842 0.08638439405111707 0.23120274733653334 -0.969062899106406 -0.12970712649736338 -0.36649531720920747 -0.8971156359982332 -0.24670738784251225 -0.3487357407438147 0.0 0.0 0.0 1.0]
Frame:82, T_inverse:[-0.9448331612760904 0.3274674327047026 0.00744154934254696 -0.02234186122421315 0.07410174187234231 0.23582314409998295 -0.9689666500925671 -0.1300064993566245 -0.31905992729320015 -0.9149604083569302 -0.24707941659703292 -0.34757979265846145 0.0 0.0 0.0 1.0]
Frame:83, T_inverse:[-0.960673303514085 0.27757610413413153 0.007634048844586619 -0.02134889969961048 0.06158740505817754 0.23979643067749684 -0.9688677257234436 -0.1302935891894555 -0.2707651498541396 -0.9302951874375051 -0.24746121965679665 -0.34647199579891585 0.0 0.0 0.0 1.0]
Frame:84, T_inverse:[-0.9738842044679893 0.22691211639155126 0.007796642079562185 -0.020303085563268746 0.04888781510236286 0.2431081017998737 -0.9687665378908298 -0.13056717213719307 -0.22172026675997886 -0.9430850547361425 -0.24785248490378015 -0.34541591006791195 0.0 0.0 0.0 1.0]
Frame:85, T_inverse:[-0.9844217637884858 0.17564336608028602 0.00794444097823446 -0.01919489314565389 0.03603033149374722 0.2457510256270355 -0.9686631008911095 -0.13082652532412206 -0.17209160040637103 -0.9532868455271627 -0.24825111353228954 -0.34441452427940666 0.0 0.0 0.0 1.0]
Frame:86, T_inverse:[-0.9922648735894078 0.12387422515779 0.008070059911746339 -0.018039969249723793 0.023047861611264618 0.2477183499283665 -0.9685578386905336 -0.13107110809012526 -0.12197846045360063 -0.9608801367713643 -0.24865709870309255 -0.3434702910423753 0.0 0.0 0.0 1.0]
Frame:87, T_inverse:[-0.9973880501457553 0.07176560321468432 0.008167103941967364 -0.016836908886366513 0.009986472624679681 0.24900277455619813 -0.9684512587678731 -0.13129993508139645 -0.07153511846340088 -0.9658402178613057 -0.2490690283243643 -0.34258623836443675 0.0 0.0 0.0 1.0]
Frame:88, T_inverse:[-0.9997762298607408 0.01946556029112454 0.008255334664319668 -0.015583216895046766 -0.003136055544538173 0.24960215355434634 -0.9683433352676721 -0.13151299594517815 -0.020909896147448457 -0.9681527149266346 -0.24948509543168126 -0.341764412992754 0.0 0.0 0.0 1.0]
Frame:89, T_inverse:[-0.9994243737794215 -0.03288670719033419 0.008310437207768044 -0.014288702419368186 -0.016261488630525765 0.24951352627222512 -0.9682346693638818 -0.13170913620510574 0.029768487100501596 -0.9678126393228951 -0.2499045484627977 -0.34100737537789266 0.0 0.0 0.0 1.0]
Frame:90, T_inverse:[-0.9963346661242084 -0.08513396791945423 0.008339903553545868 -0.012951205531236793 -0.029357802627871653 0.24873877076691983 -0.9681256364220014 -0.13188788469626092 0.0803459169638664 -0.9648219088713286 -0.25032644356896333 -0.3403173031023003 0.0 0.0 0.0 1.0]
Frame:91, T_inverse:[-0.9905126156932346 -0.13716751532311747 0.008349683801219901 -0.011583376511282079 -0.042403550848261966 0.2472788764790985 -0.9680160491923415 -0.13204898293358383 0.13071566260980316 -0.9591862220580096 -0.2507491894229114 -0.3396954692311495 0.0 0.0 0.0 1.0]
Frame:92, T_inverse:[-0.9819743818685787 -0.18882818747608077 0.008334871040741567 -0.01018512395031955 -0.05535426753691956 0.24513897443741114 -0.9679062109417551 -0.13219166352668243 0.18072480629042376 -0.9509208756242181 -0.25117233263533195 -0.33914397848766487 0.0 0.0 0.0 1.0]
Frame:93, T_inverse:[-0.9707513312004625 -0.23994301598163026 0.008314108333035492 -0.008746807869310634 -0.06818402986213634 0.2423216081473256 -0.9677970539665297 -0.13231618794763048 0.2302014686410223 -0.9400571737642033 -0.25159426976209953 -0.3386642152619683 0.0 0.0 0.0 1.0]
Frame:94, T_inverse:[-0.9568602836283833 -0.29043088777788856 0.00824098346494328 -0.007300130638104401 -0.08082878758675831 0.23884232609466802 -0.9676884317204378 -0.13242149746049328 0.2790783399229786 -0.9266089168671842 -0.2520137786715815 -0.3382570144910805 0.0 0.0 0.0 1.0]
Frame:95, T_inverse:[-0.9403535009184826 -0.3401006824841313 0.008173134037432816 -0.005820728573769142 -0.09329433329106274 0.23469958196799398 -0.967580591357241 -0.13250769571047227 0.327156626102872 -0.9106303523776045 -0.252429997075515 -0.3379245720506624 0.0 0.0 0.0 1.0]
Frame:96, T_inverse:[-0.9212626525242831 -0.38885736262732434 0.0080687078186109 -0.004334326326512003 -0.10551778511892218 0.22991290594778663 -0.9674740725110745 -0.1325744179032646 0.37435432033380905 -0.8921490975473183 -0.25284154312329044 -0.33766703388336905 0.0 0.0 0.0 1.0]
Frame:97, T_inverse:[-0.8996534106180029 -0.43653228827259377 0.007946507623332096 -0.002830071913109612 -0.11747373609733308 0.22449304309291773 -0.9673689486480882 -0.13262150776651754 0.4205038952846494 -0.8712303908710309 -0.2532469501761417 -0.33748538275835627 0.0 0.0 0.0 1.0]
Frame:98, T_inverse:[-0.875573004456992 -0.48302286127558103 0.007792883943225037 -0.0013240391931211564 -0.12912452313207815 0.21845793295870533 -0.9672657406231908 -0.13264876344794937 0.4655090419344154 -0.847918028469814 -0.2536459338855675 -0.33738020605209446 0.0 0.0 0.0 1.0]
Frame:99, T_inverse:[-0.8490955915382299 -0.5281840682223683 0.007625449747710595 0.00018905050400628304 -0.14044849730964887 0.21181849205007716 -0.9671644666841336 -0.1326561822874403 0.5092256518289131 -0.8222860947887148 -0.25403676844895534 -0.3373516262695871 0.0 0.0 0.0 1.0]
Frame:100, T_inverse:[-0.8202979661181912 -0.571887886395281 0.007445638544660489 0.001706849258753663 -0.15141398921723578 0.20459285562742646 -0.9670654371785575 -0.13264359406279075 0.5515296972331105 -0.7944092154427278 -0.2544189008709633 -0.33739990926808194 0.0 0.0 0.0 1.0]
Frame:101, T_inverse:[-0.7892414346793346 -0.6140404635751933 0.007228371842677226 0.0032107175572535646 -0.16197689353522804 0.1968099087477606 -0.9669691670180809 -0.1326112798274813 0.5923355849419953 -0.7643429329168614 -0.25479094235551214 -0.3375246875156843 0.0 0.0 0.0 1.0]
Frame:102, T_inverse:[-0.7560241941477257 -0.6545060955727857 0.0070053164082274685 0.004710067802232017 -0.17212739562739277 0.18847683271165044 -0.9668757018900658 -0.13255926544637991 0.6315056879102919 -0.7321872519448236 -0.2551514340412965 -0.3377256642006183 0.0 0.0 0.0 1.0]
Frame:103, T_inverse:[-0.7207341595907414 -0.6931782992118649 0.006746296324191958 0.006192651069224825 -0.1818163595912565 0.17963518743402218 -0.9667852516788593 -0.13248765354957268 0.6689427601120157 -0.6980220113178107 -0.2555001077337954 -0.33800179897549004 0.0 0.0 0.0 1.0]
Frame:104, T_inverse:[-0.6834756617022286 -0.7299445078640998 0.006488266178712239 0.007665118586597474 -0.19104108296422034 0.17028654708813487 -0.9666983856917374 -0.1323967078565437 0.7045312908380668 -0.661954314447428 -0.2558361074082784 -0.3383529719480436 0.0 0.0 0.0 1.0]
Frame:105, T_inverse:[-0.6443298261253455 -0.7647224814259445 0.006206161860310304 0.009109717540622054 -0.19976258328898855 0.16046874426054414 -0.9666150658702231 -0.13228657516704018 0.7381963802273176 -0.6240587099196885 -0.2561577082710304 -0.338778108065206 0.0 0.0 0.0 1.0]
Frame:106, T_inverse:[-0.6034270763273193 -0.7973961307516019 0.005905294767263706 0.01053255106175604 -0.20795560715416114 0.1502120113901288 -0.9665354033444562 -0.13215745337702783 0.7698245966721389 -0.5844618233559616 -0.2564648697711532 -0.33927594254406646 0.0 0.0 0.0 1.0]
Frame:107, T_inverse:[-0.5608766726530828 -0.8278803091450325 0.00558383564672784 0.011927828007891921 -0.21559695207330926 0.13954536275463703 -0.9664599816010793 -0.13201004053891893 0.79933410350241 -0.5432688835055403 -0.2567560884080761 -0.33984523120060794 0.0 0.0 0.0 1.0]
Frame:108, T_inverse:[-0.5167772950578848 -0.8561036599618228 0.005253345112276657 0.013287399673094072 -0.2226747492265243 0.12848504154075044 -0.9663889215695575 -0.13184451050344373 0.8266541714224598 -0.5005776934215171 -0.2570307710114837 -0.3404844579401068 0.0 0.0 0.0 1.0]
Frame:109, T_inverse:[-0.47127154422439 -0.8819744907327474 0.004908232129791161 0.014613904573221759 -0.22916216642287973 0.1170721860647032 -0.9663223145813301 -0.13166138916424705 0.851697016756735 -0.45652500583782124 -0.2572879821762911 -0.34119168468375355 0.0 0.0 0.0 1.0]
Frame:110, T_inverse:[-0.4244565427989435 -0.9054368101756131 0.0045460933511486555 0.015894089201113147 -0.23504459533802127 0.10533431178765071 -0.9662601052099196 -0.1314608558013546 0.8744086928586962 -0.41120403906225816 -0.25752780041886564 -0.34196539164121714 0.0 0.0 0.0 1.0]
Frame:111, T_inverse:[-0.3764897846352533 -0.9264112971970321 0.004165548095631518 0.017133185630657695 -0.24030090701899529 0.09331293067912136 -0.96620290992803 -0.13124406493918775 0.8947126460134116 -0.36476660271356487 -0.2577487819656628 -0.342802976095942 0.0 0.0 0.0 1.0]
Frame:112, T_inverse:[-0.327489722875274 -0.9448471422945623 0.003784561698732167 0.018326966025136046 -0.24492479413438803 0.08102253018550334 -0.9661507231967094 -0.13101116084759354 0.9125580945085724 -0.3173313888889674 -0.257950525882829 -0.34370223021398555 0.0 0.0 0.0 1.0]
Frame:113, T_inverse:[-0.2775891106902244 -0.960693869123732 0.003385134676825839 0.019468232233425916 -0.24889716665169503 0.06851384458065021 -0.966103480635414 -0.13076302213701488 0.9278978092234845 -0.26902244771218864 -0.2581326225363957 -0.34466036752977436 0.0 0.0 0.0 1.0]
Frame:114, T_inverse:[-0.22692575365722942 -0.9739073425107779 0.002985145388832554 0.02055731996421574 -0.2522115620212826 0.05580569669149813 -0.9660615397288375 -0.13050008860742932 0.9406879555600798 -0.219977244244287 -0.25829438483686623 -0.34567515409435584 0.0 0.0 0.0 1.0]
Frame:115, T_inverse:[-0.17565352363034314 -0.9844486079796384 0.002576267158765585 0.02159407028730034 -0.25485536220934935 0.04294544158823049 -0.9660250343030133 -0.13022328258429303 0.950891368237998 -0.17034235109244142 -0.2584354668858615 -0.3467434708860327 0.0 0.0 0.0 1.0]
Frame:116, T_inverse:[-0.12389272921137909 -0.9922930974772318 0.002157992639101106 0.02256920974331614 -0.2568223941934893 0.029964927552937268 -0.9659938495424252 -0.1299332728753618 0.9584844829753816 -0.12023398107113767 -0.25855542083798155 -0.34786293485802194 0.0 0.0 0.0 1.0]
Frame:117, T_inverse:[-0.07178669777883856 -0.9974183910849008 0.001738695876458733 0.02348155038957009 -0.25810768616708324 0.01689289719073473 -0.9659683733524697 -0.12963078111522414 0.9634453160489893 -0.06979254564684524 -0.258653948678914 -0.3490303445480352 0.0 0.0 0.0 1.0]
Frame:118, T_inverse:[-0.019487398380256114 -0.9998093171589015 0.0012973061297685022 0.024327328672286472 -0.25870656834447975 0.0037890693942657355 -0.9659485885521182 -0.12931714270495936 0.9657593953111537 -0.01915941478312107 -0.25873108878825896 -0.3502425086849578 0.0 0.0 0.0 1.0]
Frame:119, T_inverse:[0.032862433911579225 -0.9994594368194163 0.0008765543620642384 0.025112492277276174 -0.25861852884251985 -0.009350533379757664 -0.9659342205068667 -0.12899214719895072 0.9654203504473491 0.031516219941439924 -0.2587859776952239 -0.35149572696032877 0.0 0.0 0.0 1.0]
Frame:120, T_inverse:[0.08502733201318655 -0.9963784583140058 0.00043060381453428236 0.025853438251788805 -0.2578462839409917 -0.022421018947170822 -0.9659256688999942 -0.1286585824191747 0.9624372544648988 0.0820189917591462 -0.25881883526119465 -0.3527846153522809 0.0 0.0 0.0 1.0]
Frame:121, T_inverse:[0.14008261319808088 -0.99013975128093 -1.5086659647953844e-05 0.025546756965776567 -0.2562793657960892 -0.03624294038809727 -0.9659229146265331 -0.12826224141531528 0.9563982419962097 0.1353127944722544 -0.2588293192276865 -0.35431352200230865 0.0 0.0 0.0 1.0]
