Frame:1, T_inverse:[0.04877127461402371 -0.8735241947156607 -0.4843311370024874 0.021882285468211166 0.027401551714423697 -0.4835553899276156 0.8748846045569978 0.013336749767161735 -0.9984339431656623 -0.05594057900735819 0.0003524476898126259 -0.3202300370394655 0.0 0.0 0.0 1.0]
Frame:2, T_inverse:[0.03131653348124231 -0.8743683023713658 -0.4842511071853507 0.0218897791668262 0.027401350453843808 -0.4835554612349798 0.8748845110442921 0.013336697021035447 -0.9991337483179689 -0.04066737854533196 0.00881577680748219 -0.3206125457046534 0.0 0.0 0.0 1.0]
Frame:3, T_inverse:[0.01390897431205711 -0.8749441715958524 -0.48402398217777864 0.021908909884403093 0.027401404619633727 -0.4835554447195137 0.874884711256551 0.013336710983603292 -0.9995277279319165 -0.025431665390283516 0.01724897238103415 -0.32099399393481254 0.0 0.0 0.0 1.0]
Frame:4, T_inverse:[-0.0035449781634294426 -0.8752545882937792 -0.48364928433314414 0.021907815521073907 0.027401265749120596 -0.48355565349086727 0.8748844639658216 0.013336663680561786 -0.9996181032168121 -0.010151063853120442 0.02569744020375182 -0.32137645379283186 0.0 0.0 0.0 1.0]
Frame:5, T_inverse:[-0.02101207252829117 -0.8752986109952678 -0.4831259925612908 0.02189536679012738 0.027401662681568968 -0.483555263503531 0.8748847242642653 0.01333678501100455 -0.9994035673763212 0.005144739795316217 0.03414523040096854 -0.3217592125507317 0.0 0.0 0.0 1.0]
Frame:6, T_inverse:[-0.038464027478157914 -0.8750751238989583 -0.48245611804271366 0.021879132471646415 0.02740154379714258 -0.48355545557727414 0.8748846462299724 0.013336751406336096 -0.9988841638267495 0.02043159287281049 0.042577983925412476 -0.32214158900667844 0.0 0.0 0.0 1.0]
Frame:7, T_inverse:[-0.055866901988045815 -0.8745862345444049 -0.48164075246410737 0.021868290709418255 0.027401606968553413 -0.483555479953441 0.8748846796110621 0.013336785043622299 -0.9980621518586028 0.035679368274522685 0.05097981986224396 -0.3225228246079742 0.0 0.0 0.0 1.0]
Frame:8, T_inverse:[-0.07328442311149426 -0.8738297886607123 -0.4806774268276835 0.0218405900671003 0.02740133579306353 -0.48355560708899303 0.8748845524315786 0.01333670448846394 -0.9969345021295538 0.05094426171932133 0.059381296961800785 -0.32290452271879383 0.0 0.0 0.0 1.0]
Frame:9, T_inverse:[-0.09071519758555534 -0.8728049804642625 -0.47956458467678614 0.021794559348587355 0.027401761021015526 -0.483555348112076 0.8748847655105586 0.013336812742520042 -0.9954997944466912 0.06622443323588166 0.06778221993199138 -0.3232864472365417 0.0 0.0 0.0 1.0]
Frame:10, T_inverse:[-0.10806709693016239 -0.8715167886152067 -0.47830952456514364 0.021758573315355544 0.02740142813778903 -0.4835556301740444 0.8748845846791908 0.013336738180939178 -0.9937659078313479 0.08143988365050146 0.076137276782841 -0.3236665521310924 0.0 0.0 0.0 1.0]
Frame:11, T_inverse:[-0.125403387491968 -0.869961718192747 -0.4769071105989365 0.02171034824070406 0.02740109394908778 -0.483555488971071 0.874884512323687 0.013336623745961163 -0.9917272369884432 0.09664581019531222 0.08447757839066493 -0.3240462973582614 0.0 0.0 0.0 1.0]
Frame:12, T_inverse:[-0.14265670209950299 -0.8681466407254304 -0.47536349741514866 0.02167016200339694 0.027401592741828237 -0.4835556207668298 0.8748845459454202 0.013336777365152166 -0.9893928207250081 0.11178246386603527 0.09277111273111034 -0.32442424707354556 0.0 0.0 0.0 1.0]
Frame:13, T_inverse:[-0.15992296551471172 -0.8660609318882402 -0.4736697807136316 0.021604665378815627 0.027401421949637173 -0.483555503559004 0.8748846448404257 0.013336734402917645 -0.9867491045354639 0.12693493574222653 0.10106295749611355 -0.3248025075137621 0.0 0.0 0.0 1.0]
Frame:14, T_inverse:[-0.17707788840220973 -0.8637195977275671 -0.4718385109447733 0.0215534407409056 0.02740140737267531 -0.48355542190032597 0.8748845456656514 0.013336712206891786 -0.983815162415651 0.14199380060372313 0.10929433464727106 -0.32517819144389903 0.0 0.0 0.0 1.0]
Frame:15, T_inverse:[-0.19421746285244743 -0.8611105924285863 -0.46985958711424375 0.021482919767987996 0.027401501073005055 -0.48355546194057214 0.8748846451594855 0.013336747984351256 -0.9805756703772418 0.15704307324242495 0.11751074466752559 -0.32555371330663824 0.0 0.0 0.0 1.0]
Frame:16, T_inverse:[-0.21130592327162898 -0.858238039374001 -0.4677363261594594 0.021403276143068407 0.027401723005012243 -0.48355531270511115 0.8748848205566506 0.013336783285550394 -0.9770357788057271 0.17205154834467357 0.12569529542991903 -0.325927938687997 0.0 0.0 0.0 1.0]
Frame:17, T_inverse:[-0.22830984361741025 -0.8551073822987447 -0.4654739410678639 0.021323630943401357 0.027401430378824122 -0.48355567125432025 0.8748846219166182 0.013336731855489156 -0.973202865648282 0.18699011950194047 0.13383168224810454 -0.32630039673725314 0.0 0.0 0.0 1.0]
Frame:18, T_inverse:[-0.2452720549691098 -0.851711260541604 -0.46306530233477183 0.02122836244825657 0.027401669600349093 -0.4835553776558905 0.8748846714934696 0.013336770727942355 -0.9690669206150376 0.20189603245536064 0.14194100636091578 -0.3266719310862506 0.0 0.0 0.0 1.0]
Frame:19, T_inverse:[-0.26220784595923136 -0.8480441547933012 -0.4605082973989138 0.021110203248138698 0.027401390485524025 -0.48355543080662344 0.8748845423804018 0.013336691513793356 -0.9646221934649797 0.21678313081621303 0.150029820152646 -0.32704281959872883 0.0 0.0 0.0 1.0]
Frame:20, T_inverse:[-0.2789988746423338 -0.8441326847286184 -0.4578204100488004 0.021007364841430856 0.027401570728539687 -0.48355549451956886 0.8748846070991019 0.01333675348172439 -0.9599003364370046 0.23154688369591844 0.15804208111423035 -0.3274105493056011 0.0 0.0 0.0 1.0]
Frame:21, T_inverse:[-0.2956867371662964 -0.8399687239709276 -0.4549965119160998 0.020904227437096853 0.02740136790680838 -0.483555643316134 0.8748846080044071 0.013336736883151876 -0.9548918426778246 0.24622426096291689 0.16599731865567877 -0.32777598470620495 0.0 0.0 0.0 1.0]
Frame:22, T_inverse:[-0.3122887445481768 -0.8355486077697335 -0.45203351532487446 0.020793487128070567 0.027401376496048662 -0.48355574712624116 0.8748846272520787 0.013336734651681866 -0.9495920150094294 0.2608302570388864 0.17390415336724238 -0.32813950031246253 0.0 0.0 0.0 1.0]
Frame:23, T_inverse:[-0.32880619149460516 -0.8308713464920451 -0.44893112115687833 0.02067285632822983 0.02740136813149579 -0.4835557240515156 0.8748844966696195 0.01333673692928256 -0.9439997737322753 0.27536616440290895 0.18176320743613994 -0.3285012229920628 0.0 0.0 0.0 1.0]
Frame:24, T_inverse:[-0.3452452314682583 -0.8259347741118038 -0.44568750563035514 0.020538382708017392 0.027401288265595916 -0.48355546160362345 0.8748846587780768 0.013336655316870212 -0.9381123500410475 0.2898373860278871 0.18957700214492956 -0.3288611989311376 0.0 0.0 0.0 1.0]
Frame:25, T_inverse:[-0.36150660344674407 -0.8207696372203038 -0.442323666985332 0.020423031107942916 0.027401256011528367 -0.4835557727802376 0.8748845878694799 0.013336728380865808 -0.9319668721849838 0.3041563131671851 0.19729867751726415 -0.3292172092153579 0.0 0.0 0.0 1.0]
Frame:26, T_inverse:[-0.3777484938014214 -0.8153255295808918 -0.438805475976768 0.020269605839452014 0.02740151148780021 -0.48355538204642023 0.8748846964997451 0.013336722418470545 -0.9255026312982593 0.3184624992818683 0.20500351879439305 -0.3295728115694083 0.0 0.0 0.0 1.0]
Frame:27, T_inverse:[-0.39389353441508096 -0.8096251060548633 -0.43514934476566786 0.020103270962381986 0.02740136196797505 -0.4835554734352267 0.8748846486468675 0.013336700487079479 -0.9187475016661205 0.3326877824171764 0.2126542862306101 -0.3299263019565967 0.0 0.0 0.0 1.0]
Frame:28, T_inverse:[-0.4098525967491121 -0.8037016271544378 -0.43137516012540583 0.01995442140453435 0.027401672168264096 -0.483555316363841 0.8748847881744971 0.013336771757663393 -0.9117400490485358 0.34675339819531453 0.22020920267252694 -0.3302756485551358 0.0 0.0 0.0 1.0]
Frame:29, T_inverse:[-0.42565702792038246 -0.7975455420448802 -0.42747759121020185 0.019810505026713464 0.027401762255266953 -0.483555266281395 0.8748847335736257 0.013336725895769487 -0.9044695092771564 0.36068727605947876 0.22768295356077517 -0.3306217868110995 0.0 0.0 0.0 1.0]
Frame:30, T_inverse:[-0.4414316988573222 -0.7911062722449675 -0.42342474750964193 0.01962393363414175 0.027401433292254945 -0.4835552011965336 0.8748846292307093 0.01333667592738216 -0.8968761720410636 0.37459953911907434 0.2351343428996016 -0.330966986525427 0.0 0.0 0.0 1.0]
Frame:31, T_inverse:[-0.4569926567514042 -0.7844591101418973 -0.41926320954198204 0.019460533468298347 0.0274018127410604 -0.483555395410926 0.8748847964777989 0.013336826504546179 -0.8890483224061146 0.3883273021349752 0.2424768174334444 -0.33130755781571697 0.0 0.0 0.0 1.0]
Frame:32, T_inverse:[-0.47246583820115157 -0.7775501198932421 -0.4149599861531831 0.019272052942611036 0.027401689860973442 -0.48355534741118394 0.8748847540466301 0.013336737173231649 -0.8809228944081505 0.40198257555645467 0.24976958890649942 -0.3316463154347885 0.0 0.0 0.0 1.0]
Frame:33, T_inverse:[-0.48775608715622665 -0.77042185315835 -0.4105413757545062 0.01909216570623074 0.02740145044197774 -0.4835553677879454 0.8748847576918742 0.01333669726429421 -0.8725497830670421 0.4154809321457211 0.25696774710697257 -0.331980970519961 0.0 0.0 0.0 1.0]
Frame:34, T_inverse:[-0.5029269397545196 -0.7630448408602344 -0.4059891970467684 0.018895411469404752 0.027401427867601975 -0.4835556807221424 0.8748846510480681 0.013336722788691344 -0.8638945443145778 0.428878340632937 0.2641016025042977 -0.33231305832617436 0.0 0.0 0.0 1.0]
Frame:35, T_inverse:[-0.5179167067993019 -0.7554491246130255 -0.401321377494912 0.018703656590050424 0.027401503656478768 -0.48355553107365384 0.8748846842865752 0.013336701463309118 -0.8549920316061712 0.44212057275723754 0.27114195161882215 -0.3326410998354563 0.0 0.0 0.0 1.0]
Frame:36, T_inverse:[-0.5327439397488143 -0.7476264737918776 -0.396533160897971 0.01850820596016698 0.027401629041239075 -0.4835554481409706 0.8748847295633542 0.013336767794186674 -0.8458327464406821 0.4552238760783168 0.2780973881525809 -0.332965538237409 0.0 0.0 0.0 1.0]
Frame:37, T_inverse:[-0.5474449946505997 -0.7395562125641989 -0.39161251546352577 0.0182928170410501 0.02740128534121368 -0.48355540228954563 0.874884615518076 0.013336700609320505 -0.8363928157779275 0.4682206134424303 0.28498494610838626 -0.33328721553576685 0.0 0.0 0.0 1.0]
Frame:38, T_inverse:[-0.5619567327404723 -0.7312730921742501 -0.38658006143993157 0.018080656848936755 0.02740121954491572 -0.48355561043019574 0.8748845580760495 0.013336721238155734 -0.8267125261405269 0.48105457147347525 0.29177522667085154 -0.3336047680871284 0.0 0.0 0.0 1.0]
Frame:39, T_inverse:[-0.5762947379758938 -0.7227690191376546 -0.3814304367451816 0.01786407239279901 0.027401529895872138 -0.4835555188887385 0.874884579662093 0.01333671227450034 -0.8167823220346264 0.49373972137865996 0.298475598027493 -0.3339186278280464 0.0 0.0 0.0 1.0]
Frame:40, T_inverse:[-0.590453336296798 -0.714047380565837 -0.3761663447837275 0.017643687030296597 0.027401370598401708 -0.48355535887758044 0.8748847673342504 0.01333667186649121 -0.806606462516304 0.5062711770736602 0.3050827810229664 -0.3342284158368656 0.0 0.0 0.0 1.0]
Frame:41, T_inverse:[-0.6044340178262841 -0.705107331792566 -0.37078723194383956 0.017417128788436716 0.027401555070099556 -0.483555467489134 0.874884689467436 0.013336753112818348 -0.7961838154299968 0.5186499191270386 0.311598427015469 -0.3345342738174258 0.0 0.0 0.0 1.0]
Frame:42, T_inverse:[-0.6182363930192142 -0.6959486838380399 -0.3652932378006307 0.017182917938498406 0.02740125383015514 -0.48355558015086225 0.8748846232121357 0.013336687884043458 -0.7855144395716727 0.5308760473277543 0.3180215792932871 -0.3348362106264198 0.0 0.0 0.0 1.0]
Frame:43, T_inverse:[-0.6318518326614718 -0.6865775562291031 -0.3596867305314493 0.016942907324110124 0.027401693473444864 -0.48355535153010437 0.8748847685372648 0.013336721519490686 -0.7746047133149864 0.542941507037417 0.3243486947561457 -0.33513412930687586 0.0 0.0 0.0 1.0]
Frame:44, T_inverse:[-0.6452807543069449 -0.6769925411078325 -0.3539688584952062 0.0166950955410533 0.02740131004447535 -0.4835555636606324 0.8748847117005727 0.013336701869576919 -0.7634539971431056 0.5548469973555804 0.3305795216972707 -0.33542781568096625 0.0 0.0 0.0 1.0]
Frame:45, T_inverse:[-0.6584796022932605 -0.6672263530190876 -0.3481573914444174 0.016457061290033992 0.027401544787588307 -0.4835554531820242 0.8748847145191365 0.013336671719786787 -0.7520995481786225 0.5665536921417382 0.3366944525112555 -0.33571663429564785 0.0 0.0 0.0 1.0]
Frame:46, T_inverse:[-0.6715078609966014 -0.6572350900192632 -0.34222701320691346 0.016200903143636217 0.027401546699760946 -0.48355543055296385 0.8748848104931183 0.013336733933614502 -0.7404906887852056 0.5781144430587978 0.34272044609890956 -0.3360015528366735 0.0 0.0 0.0 1.0]
Frame:47, T_inverse:[-0.6843398982872626 -0.6470364134831031 -0.33618842957929035 0.015935897377692094 0.027401538790108596 -0.48355553254746414 0.8748846649662101 0.013336768338249701 -0.7286480453613612 0.5895064445541883 0.3486462016417554 -0.33628212916615896 0.0 0.0 0.0 1.0]
Frame:48, T_inverse:[-0.6969500322755127 -0.6366517865827235 -0.3300533801666379 0.015672091071786732 0.02740184395254189 -0.48355538128972925 0.8748848018466568 0.013336742999648536 -0.7165960142825056 0.600706847057795 0.3544593360391215 -0.3365580025964474 0.0 0.0 0.0 1.0]
Frame:49, T_inverse:[-0.7093632114737456 -0.626059422367257 -0.323810483678975 0.01539617069265478 0.027401453344810124 -0.48355534915007387 0.8748847181946596 0.013336653171699759 -0.704310164544966 0.611738255460026 0.3601714334207198 -0.3368294648243065 0.0 0.0 0.0 1.0]
Frame:50, T_inverse:[-0.7215343592408177 -0.6152992201496784 -0.3174821950840792 0.015128028343291912 0.027401455838505763 -0.48355556128589017 0.8748846208365404 0.01333676577318223 -0.6918361475136363 0.6225598625266686 0.3657621179900205 -0.3370955306063087 0.0 0.0 0.0 1.0]
Frame:51, T_inverse:[-0.7334979195157122 -0.6043411933570357 -0.3110510014601807 0.014849524553801731 0.02740137828828439 -0.48355569636081097 0.8748846454157283 0.013336788837030527 -0.6791392724831468 0.6332027752267467 0.3712467488399707 -0.3373570869419568 0.0 0.0 0.0 1.0]
Frame:52, T_inverse:[-0.745240421369971 -0.5931967594132689 -0.30452315657503326 0.014565248345444426 0.02740168648403125 -0.4835554186456828 0.8748847753769574 0.01333676851228054 -0.6662326268829247 0.6436550426737409 0.37661960133199274 -0.3376138876753465 0.0 0.0 0.0 1.0]
Frame:53, T_inverse:[-0.7567486668360259 -0.5818786699339674 -0.2979073536583175 0.01428038404720436 0.02740154167036191 -0.48355559118157593 0.8748846658791286 0.01333675453240959 -0.6531314794678347 0.6539046577777025 0.3818743488677677 -0.33786543763164495 0.0 0.0 0.0 1.0]
Frame:54, T_inverse:[-0.7680225444707203 -0.570387062140936 -0.2912029663035077 0.013992977753074358 0.02740133578407813 -0.48355526616545774 0.8748844768890739 0.013336687021474449 -0.6398356730433347 0.6639519815528103 0.3870113152831617 -0.3381118277899142 0.0 0.0 0.0 1.0]
Frame:55, T_inverse:[-0.7790899655331067 -0.5586943311088345 -0.2843930984461565 0.013687058534592659 0.027401757244292137 -0.4835553202909831 0.8748847812391283 0.013336694405558524 -0.6263129942596716 0.6738210955850137 0.39204233309952824 -0.33835385174697175 0.0 0.0 0.0 1.0]
Frame:56, T_inverse:[-0.7898917948920601 -0.5468606211787732 -0.2775147070743899 0.013392051308540886 0.02740139245399216 -0.4835555813215995 0.8748846640223489 0.013336752640422195 -0.6126337627038022 0.6834599073734499 0.3969412918716499 -0.33858984538184783 0.0 0.0 0.0 1.0]
Frame:57, T_inverse:[-0.8004693198285634 -0.5348422206765127 -0.27054079538857806 0.013084012877182973 0.027401364101200875 -0.48355547756918305 0.8748845620685121 0.013336732782279872 -0.5987467823767608 0.6929052056530673 0.40172699395374484 -0.338821020301396 0.0 0.0 0.0 1.0]
Frame:58, T_inverse:[-0.8108121932341688 -0.5226500611359983 -0.26347781233111056 0.01276656347547459 0.02740169841126807 -0.4835555699043787 0.8748846846516063 0.013336830707346599 -0.5846647338349604 0.7021474182238258 0.40639417956529816 -0.3390469943417757 0.0 0.0 0.0 1.0]
Frame:59, T_inverse:[-0.8208848404520197 -0.5103257294241113 -0.2563503988815855 0.012458516419199669 0.027401821018698785 -0.48355536681790673 0.8748846689491957 0.013336779021063125 -0.5704358649578051 0.7111551856491632 0.41092723521564384 -0.3392671235936319 0.0 0.0 0.0 1.0]
Frame:60, T_inverse:[-0.8307023600297552 -0.4978535938028093 -0.24914930957203013 0.01215000654834619 0.027401854640027607 -0.48355524861622295 0.8748847882844949 0.013336732727898735 -0.5560420169235548 0.7199417260072676 0.41533261361793405 -0.3394816626128295 0.0 0.0 0.0 1.0]
Frame:61, T_inverse:[-0.840290005929521 -0.4851996763152082 -0.24185526983016833 0.011823554147849793 0.027401695817786335 -0.4835552784158021 0.8748848241798495 0.013336678038385 -0.5414442085089682 0.7285296731895914 0.41962199343199463 -0.3396910874452477 0.0 0.0 0.0 1.0]
Frame:62, T_inverse:[-0.8496075239061506 -0.47241593370632307 -0.2344979847392052 0.011502119364418948 0.02740161649615051 -0.4835551501027376 0.8748844804208391 0.013336679356484148 -0.5267022591724222 0.7368832147702934 0.42377775669749834 -0.3398945258588585 0.0 0.0 0.0 1.0]
Frame:63, T_inverse:[-0.8586679749536346 -0.45948761799356663 -0.22706870292912096 0.011176751715832508 0.02740154435347807 -0.48355538736436704 0.8748846250097742 0.013336735107701975 -0.5117989944426696 0.7450134923626613 0.42780436702219077 -0.3400923858258275 0.0 0.0 0.0 1.0]
Frame:64, T_inverse:[-0.8674624316354026 -0.44642599809815664 -0.21957368177889702 0.01085092304164182 0.027401664387247116 -0.4835551145859197 0.874884813210277 0.01333665618176235 -0.4967473416015052 0.75291306346524 0.43169886317458395 -0.3402844711609563 0.0 0.0 0.0 1.0]
Frame:65, T_inverse:[-0.8760061544436203 -0.4332079019300526 -0.21200036945856185 0.010512501683623115 0.027401787296652814 -0.48355542061759227 0.8748847674542355 0.013336761597872894 -0.4815209236356647 0.7605952410437522 0.43546816673378547 -0.34047096132406657 0.0 0.0 0.0 1.0]
Frame:66, T_inverse:[-0.8842639920614088 -0.41988784780908167 -0.2043799226073876 0.010184395908956792 0.027401532763182582 -0.4835553908076102 0.8748846401166599 0.013336731858916696 -0.466182468418393 0.7680287967954846 0.43909635568734984 -0.34065125374280725 0.0 0.0 0.0 1.0]
Frame:67, T_inverse:[-0.8922820706461493 -0.40639099692374714 -0.19666870102702724 0.009831614195112056 0.027401660198502032 -0.4835550244387722 0.874884736915612 0.013336637571274608 -0.4506454844355914 0.7752551116965292 0.44260363799362323 -0.34082625529540483 0.0 0.0 0.0 1.0]
Frame:68, T_inverse:[-0.9000097224144843 -0.39280174093949377 -0.18891621570349487 0.009489632751307975 0.027401424749624145 -0.4835555613335233 0.8748847060689556 0.013336757664589997 -0.4350076863211245 0.7822281619186847 0.4459679871377241 -0.340994922658148 0.0 0.0 0.0 1.0]
Frame:69, T_inverse:[-0.907471484504826 -0.3790772647733947 -0.1810965012532146 0.00913783413081724 0.02740168685237153 -0.4835553118228215 0.8748848067547447 0.013336682236106123 -0.4192191039590417 0.7889706534711831 0.44920002490192834 -0.34115772112237547 0.0 0.0 0.0 1.0]
Frame:70, T_inverse:[-0.9146235757371758 -0.3653013911535494 -0.17325850891114725 0.008810994346888526 0.027401734604577874 -0.4835554645403724 0.8748846465796849 0.013336736631208799 -0.4033766806459267 0.795442595858695 0.4522812038899346 -0.34131376652201106 0.0 0.0 0.0 1.0]
Frame:71, T_inverse:[-0.9215418520783809 -0.35132672155052896 -0.16531843491943382 0.00844375993466956 0.027401320314309516 -0.4835556335023987 0.8748846664352354 0.013336746843083835 -0.3873110162864122 0.8017128229612276 0.4552435422834217 -0.3414646228177796 0.0 0.0 0.0 1.0]
Frame:72, T_inverse:[-0.9281635981156411 -0.3372755496721576 -0.15734473503843868 0.008087109593899152 0.027401365978968622 -0.483555463965507 0.8748846535802169 0.013336720690565964 -0.37116212781398245 0.80772469069846 0.45806050961010075 -0.34160894164725514 0.0 0.0 0.0 1.0]
Frame:73, T_inverse:[-0.934501544361233 -0.3231240336189495 -0.14932447433489657 0.007728941631157272 0.027401490414127927 -0.4835555623243276 0.8748846851842544 0.01333674054733909 -0.35490294521254395 0.8134893529101299 0.46073745636668884 -0.34174717147834593 0.0 0.0 0.0 1.0]
Frame:74, T_inverse:[-0.9405532126263874 -0.3088769776430776 -0.1412604232368866 0.007369745990134207 0.027401521525668455 -0.4835554664189288 0.8748846259800789 0.013336732793157226 -0.33853899650021707 0.8190048618876639 0.463273479913017 -0.3418789763930742 0.0 0.0 0.0 1.0]
Frame:75, T_inverse:[-0.9463098368032237 -0.29455837518444206 -0.13316587804479943 0.0070176593343529645 0.027401674416508766 -0.483555400659688 0.8748848181148006 0.013336721978171677 -0.3220977085664246 0.8242630777167178 0.46566456070320766 -0.3420043911459251 0.0 0.0 0.0 1.0]
Frame:76, T_inverse:[-0.9517849382475129 -0.28013391650912717 -0.12502225721936505 0.006656684955457078 0.027401412778579062 -0.48355557399023374 0.8748846832098044 0.013336731471533973 -0.3055400887918236 0.8292762043348714 0.4679168990678153 -0.3421236852295696 0.0 0.0 0.0 1.0]
Frame:77, T_inverse:[-0.956974477272556 -0.26561206796774445 -0.11683291717467864 0.006288636668189202 0.027401816997554253 -0.48355541488422465 0.8748846690525418 0.013336768881528665 -0.28887512205365407 0.8340409108402734 0.47002857930998415 -0.3422366523170189 0.0 0.0 0.0 1.0]
Frame:78, T_inverse:[-0.9618779392904864 -0.2509923219078613 -0.10859927901177925 0.005911814798321872 0.02740150222623965 -0.4835556148017107 0.8748846982422525 0.0133367967614188 -0.27210310893377654 0.8385564155364656 0.47199898458087747 -0.3423433467975279 0.0 0.0 0.0 1.0]
Frame:79, T_inverse:[-0.966477991456083 -0.2363252157376514 -0.10034858194087984 0.0055451303459722314 0.027401420616457554 -0.4835550559002384 0.8748845697781777 0.013336627381632863 -0.25528144300187977 0.8428073671038463 0.4738216113475403 -0.34244329628329556 0.0 0.0 0.0 1.0]
Frame:80, T_inverse:[-0.9707849540191771 -0.2215859630632344 -0.09206707632629146 0.00517660922007449 0.027401628590791812 -0.48355570269349135 0.8748845925564129 0.013336854353342599 -0.23838170395241265 0.8468020023668058 0.4755003452092646 -0.3425369200901213 0.0 0.0 0.0 1.0]
Frame:81, T_inverse:[-0.974789721311055 -0.20680283286685092 -0.0837709222530336 0.004815932665332697 0.027401544311170617 -0.483555483518641 0.8748846982918238 0.01333674087838217 -0.22143653405975736 0.8505331707163172 0.477031606630666 -0.34262398943234085 0.0 0.0 0.0 1.0]
Frame:82, T_inverse:[-0.978513843231234 -0.19189379175854282 -0.07541429446523372 0.004428318475121071 0.027401214929061984 -0.4835553908522594 0.8748847102549808 0.013336690485609298 -0.20435194818310826 0.8540204080688388 0.4784238297343799 -0.34270481168039946 0.0 0.0 0.0 1.0]
Frame:83, T_inverse:[-0.9819297503895066 -0.17696507245922538 -0.06705562631602036 0.0040550621022972565 0.027401655412696728 -0.4835552293373333 0.8748844636442021 0.013336650775656246 -0.18724915574503093 0.8572380084077045 0.4796670763583951 -0.3427790072122297 0.0 0.0 0.0 1.0]
Frame:84, T_inverse:[-0.9850511971643516 -0.16196541042208168 -0.058667407814027794 0.0036737196284799428 0.027401668908670056 -0.4835556360774405 0.8748848416068683 0.013336763968891984 -0.17007002086663384 0.8601985477282935 0.48076480509746644 -0.34284655820288373 0.0 0.0 0.0 1.0]
Frame:85, T_inverse:[-0.9878608279671045 -0.14697394501590239 -0.05029347820490335 0.003314182165869049 0.027401667721626305 -0.48355526420724204 0.8748847084706117 0.01333664276387269 -0.15290494262172086 0.8628863018536629 0.48171278496076386 -0.3429074451339479 0.0 0.0 0.0 1.0]
Frame:86, T_inverse:[-0.9903801911294532 -0.131884565459478 -0.04187485133806784 0.0029324199321050597 0.02740144200235767 -0.48355554543119056 0.8748846970292322 0.013336760792157534 -0.13563259367881045 0.8653210444100814 0.48251765962217136 -0.3429617820547806 0.0 0.0 0.0 1.0]
Frame:87, T_inverse:[-0.9926017133126004 -0.11672292948750257 -0.033425408534014246 0.0025371423464120913 0.02740136782161051 -0.4835554781182745 0.8748845633986413 0.013336786576964839 -0.11828214585805409 0.8674961718986252 0.4831766187044701 -0.3430096953533326 0.0 0.0 0.0 1.0]
Frame:88, T_inverse:[-0.994511198478451 -0.101597616025334 -0.025005853525469402 0.0021695067891125542 0.02740124727703371 -0.483555481515258 0.8748846517400574 0.013336723815884466 -0.10097791237182528 0.8693974295057363 0.4836853272359418 -0.34305076429366116 0.0 0.0 0.0 1.0]
Frame:89, T_inverse:[-0.9961201684511758 -0.08642952536602784 -0.016571674954068416 0.0017964546958340896 0.027401483238094788 -0.4835555283071128 0.8748847204492078 0.013336722001113265 -0.08362919244357672 0.8710361621491675 0.4840476737601614 -0.3430853156867246 0.0 0.0 0.0 1.0]
Frame:90, T_inverse:[-0.9974294382133972 -0.07118841384377479 -0.008106693702471766 0.0014043853877561219 0.027401545925811465 -0.48355508320179047 0.8748844820173014 0.013336680652923897 -0.06620169034374516 0.8724138715028633 0.48426348294693866 -0.3431131505462592 0.0 0.0 0.0 1.0]
Frame:91, T_inverse:[-0.9984331858436617 -0.05595594926619239 0.0003438284094746083 0.0010244132176590586 0.027401554412212266 -0.4835555813233616 0.8748846536983876 0.01333680070848399 -0.04878874322229272 0.8735232917740179 0.4843311864534536 -0.3431343537256007 0.0 0.0 0.0 1.0]
Frame:92, T_inverse:[-0.9991333857013834 -0.040679123247281866 0.008809338916750656 0.0006336659974256582 0.027401506147455738 -0.4835552317905607 0.8748848192333767 0.013336613799462235 -0.03132974725774944 0.8743680661523879 0.4842509121205187 -0.3431489807808873 0.0 0.0 0.0 1.0]
Frame:93, T_inverse:[-0.9995279144528842 -0.025412614140787736 0.017259547250929323 0.0002515277764864245 0.02740145414071416 -0.48355529734242997 0.8748847304489222 0.013336674105693327 -0.013887161100987878 0.8749447049210242 0.4840235613459595 -0.34315685165885285 0.0 0.0 0.0 1.0]
Frame:94, T_inverse:[-0.9996182002069476 -0.010156160977569103 0.02569463976437447 -0.00012347032874853497 0.02740137726033881 -0.48355523794759264 0.8748848074788012 0.013336655149859303 0.003539307427926535 0.8752548778614042 0.48364898642186255 -0.343158102641412 0.0 0.0 0.0 1.0]
Frame:95, T_inverse:[-0.9994040558770007 0.005116223879276498 0.03412922477031579 -0.0005037405783598183 0.027401479670901986 -0.48355529738161435 0.8748845537275287 0.013336683629056833 0.020979479887988185 0.8752986424155274 0.48312733439926936 -0.34315258665546733 0.0 0.0 0.0 1.0]
Frame:96, T_inverse:[-0.9988853342630285 0.020406924581803612 0.04256414885782776 -0.0008913721572312989 0.027401382300639647 -0.48355557970388224 0.8748846982367668 0.01333674716621466 0.038435835827277845 0.8750757780362826 0.4824573151662027 -0.34314049716013423 0.0 0.0 0.0 1.0]
Frame:97, T_inverse:[-0.9980598472942569 0.03571323403982843 0.050998494416833996 -0.0012876082754886672 0.027401640406396057 -0.48355523501662384 0.8748847266267794 0.013336648770654153 0.0559055567393481 0.8745848899657491 0.48163867127521554 -0.3431216133688982 0.0 0.0 0.0 1.0]
Frame:98, T_inverse:[-0.9969360044758062 0.05092623860499517 0.059371570655262655 -0.0016510404627177223 0.027401578719955917 -0.4835553333023396 0.8748847029381138 0.013336690948738598 0.07326403090720993 0.8738309782977369 0.48067840396420314 -0.34309608832617566 0.0 0.0 0.0 1.0]
Frame:99, T_inverse:[-0.9955039981630206 0.06618406171168506 0.06775969487155578 -0.002037422157385418 0.0274014597802887 -0.4835553883854419 0.8748847293096869 0.013336710271250194 0.0906689936591091 0.8728080095017583 0.47956779709629443 -0.3430640321862118 0.0 0.0 0.0 1.0]
Frame:100, T_inverse:[-0.9937704108825204 0.08140180960715857 0.07611628877078232 -0.0024156042068868237 0.027401375581230996 -0.4835553748562051 0.8748845775050752 0.013336732078406573 0.10802364471787118 0.8715203135490708 0.4783128366912111 -0.3430252518697083 0.0 0.0 0.0 1.0]
Frame:101, T_inverse:[-0.9917327037070632 0.09660849790481836 0.08445726096859124 -0.002798469352620344 0.027401321270909367 -0.48355556599086563 0.8748846931223451 0.013336770736418004 0.12536108023117504 0.8699660185448727 0.47691065161476826 -0.34297986053839896 0.0 0.0 0.0 1.0]
Frame:102, T_inverse:[-0.9893938045862776 0.11177670106613805 0.09276768910192548 -0.003176670809169949 0.02740140888930813 -0.4835555656162197 0.8748846878433226 0.013336784879950924 0.14265004673830406 0.86814747780914 0.4753640266221974 -0.34292773623523737 0.0 0.0 0.0 1.0]
Frame:103, T_inverse:[-0.9867598920484978 0.12687667752985524 0.10103135714076453 -0.0035406790564091097 0.027401659309540423 -0.4835556202749394 0.8748847015771283 0.013336789995491573 0.15985673246739446 0.866069493604652 0.4736765814624704 -0.3428693299607951 0.0 0.0 0.0 1.0]
Frame:104, T_inverse:[-0.9838205445267033 0.14196807944221476 0.10928059515870292 -0.0039151980400471955 0.027401842824175026 -0.48355539445945006 0.8748847781310258 0.013336651140569096 0.1770489235304217 0.8637240704386877 0.47184153503112 -0.34280416583824336 0.0 0.0 0.0 1.0]
Frame:105, T_inverse:[-0.9805742311572487 0.15704775429329818 0.1175130784241633 -0.004301261156304461 0.02740131764940018 -0.48355539504114736 0.8748843727163517 0.013336763967356382 0.19422278156529535 0.8611094651972558 0.4698592914700453 -0.3427322297723562 0.0 0.0 0.0 1.0]
Frame:106, T_inverse:[-0.9770342689366942 0.1720571783668708 0.12569853901612144 -0.004677208122559636 0.02740183081907888 -0.48355541884621905 0.8748846339525927 0.013336677108927407 0.21131241457790845 0.8582367260985556 0.46773572750151066 -0.3426539590669919 0.0 0.0 0.0 1.0]
Frame:107, T_inverse:[-0.9731995304931327 0.18700249097287988 0.13383887589192342 -0.005046746845569623 0.027401884902613916 -0.4835555500125632 0.8748846996263129 0.013336740028746316 0.228324141877007 0.8551047645132337 0.4654717207957058 -0.342569139583807 0.0 0.0 0.0 1.0]
Frame:108, T_inverse:[-0.9690548863441748 0.2019361483564952 0.1419627110149168 -0.0054332018776466545 0.02740156007048716 -0.48355525807864097 0.8748844069877416 0.013336687545795659 0.2453176962000436 0.8517014623195198 0.4630589690887668 -0.342477509963775 0.0 0.0 0.0 1.0]
Frame:109, T_inverse:[-0.9646415089171111 0.21672073418159032 0.14999587410921722 -0.005782577489315277 0.027401519615060838 -0.4835552825246059 0.8748847573598579 0.013336672213618134 0.2621369725019053 0.8480603558522681 0.46051908409159775 -0.3423801047964421 0.0 0.0 0.0 1.0]
Frame:110, T_inverse:[-0.959910088770533 0.23151721558825586 0.15802617704186217 -0.006161767111375037 0.02740176739365141 -0.4835555413660089 0.8748846133376487 0.01333672696103861 0.27896529790511354 0.8441407972493215 0.4578259561844088 -0.34227569940734287 0.0 0.0 0.0 1.0]
Frame:111, T_inverse:[-0.954902533122786 0.24619381244298677 0.16598122636647855 -0.006519151449697474 0.02740175943755829 -0.4835556595115862 0.8748846077164703 0.013336788154034723 0.29565232588811435 0.839977724863576 0.4550023776492335 -0.34216528984987515 0.0 0.0 0.0 1.0]
Frame:112, T_inverse:[-0.9495923565318136 0.26082878502170637 0.17390361305561827 -0.0068878364301513005 0.027401642059565922 -0.4835555186149307 0.874884633979905 0.013336739344257968 0.3122871553372548 0.8355490672859819 0.4520336319516968 -0.3420481245141958 0.0 0.0 0.0 1.0]
Frame:113, T_inverse:[-0.9439986734214059 0.27536876385007814 0.1817645326776864 -0.007248298484208626 0.027401444397425197 -0.4835554277667686 0.8748846861449907 0.013336762071229875 0.3288091589714834 0.8308706497117735 0.4489303160015433 -0.34192480807882475 0.0 0.0 0.0 1.0]
Frame:114, T_inverse:[-0.938122240468691 0.28981341194324656 0.18956449770450184 -0.007601921616656588 0.02740186254166787 -0.4835552369012752 0.8748847617430441 0.013336608435775185 0.34521825223685865 0.8259433424275273 0.44569260140446965 -0.3417953233727248 0.0 0.0 0.0 1.0]
Frame:115, T_inverse:[-0.9319503255327393 0.30419371432844483 0.1973189678980478 -0.007962729934215387 0.02740147367418676 -0.4835554506627 0.8748847044087976 0.013336722260047685 0.3615490728894456 0.8207558948765032 0.44231432643895324 -0.34165929512902365 0.0 0.0 0.0 1.0]
Frame:116, T_inverse:[-0.9254991334325197 0.318469597561109 0.2050074070633067 -0.008316597608879966 0.027401621131707066 -0.483555166508402 0.8748846576501101 0.013336645951249032 0.3777566240317405 0.8153227146053944 0.43880362826080965 -0.34151723683536 0.0 0.0 0.0 1.0]
Frame:117, T_inverse:[-0.9187673110108976 0.33264697364864637 0.21263281064423786 -0.00866716228984144 0.027401802222116543 -0.4835556024365237 0.8748846699328112 0.013336749782558081 0.393847519343799 0.8096418713829674 0.4351599271062206 -0.34136902270969016 0.0 0.0 0.0 1.0]
Frame:118, T_inverse:[-0.9117505384013721 0.34673198277688566 0.2201975473462316 -0.009018865213420248 0.02740142934655921 -0.48355518843292256 0.8748844607010765 0.01333668245045708 0.4098282453225473 0.8037105236598763 0.4313814223377794 -0.34121451910765394 0.0 0.0 0.0 1.0]
Frame:119, T_inverse:[-0.9044320678835739 0.36075744891931205 0.2277202705335836 -0.009387720284062496 0.02740146537686629 -0.4835553715200174 0.8748846893318394 0.013336686828239372 0.4257365679318394 0.7975137243119764 0.42745782136766647 -0.3410536037674843 0.0 0.0 0.0 1.0]
Frame:120, T_inverse:[-0.8968938327581388 0.37456805974241764 0.23511753700144086 -0.00970848412669088 0.027401550563555806 -0.4835555451449255 0.8748846906953749 0.013336774292872455 0.4413962376506338 0.7911212380350129 0.42343422394853375 -0.3408875904479703 0.0 0.0 0.0 1.0]
Frame:121, T_inverse:[-0.8890362281536186 0.3883479024991862 0.24248798236915176 -0.010062476877304072 0.02740177734203719 -0.4835556432917096 0.8748846153038041 0.013336765478374181 0.4570160392467524 0.7844487521979252 0.4192570805136922 -0.34071477953283935 0.0 0.0 0.0 1.0]
Frame:122, T_inverse:[-0.8809403786879868 0.4019537441411934 0.24975434929887083 -0.010389368196955325 0.027401777708214316 -0.4835554290495077 0.8748847135615792 0.013336693113309591 0.4724332666367095 0.7775649749928569 0.414969276284164 -0.34053666201079086 0.0 0.0 0.0 1.0]
Frame:123, T_inverse:[-0.8725542544737431 0.41547359074874607 0.2569642018133478 -0.01072869113366775 0.02740167943687534 -0.48355553170715027 0.8748846242896139 0.013336722338797144 0.4877479295053014 0.7704256043430857 0.4105438793542204 -0.34035227571679005 0.0 0.0 0.0 1.0]
Frame:124, T_inverse:[-0.863914811325785 0.42884725633772475 0.2640852382931443 -0.0110560942365477 0.027401666090812453 -0.4835553864231493 0.8748846359722535 0.013336732226525847 0.502891761498755 0.7630622936801639 0.40599969055606144 -0.34016225547689144 0.0 0.0 0.0 1.0]
Frame:125, T_inverse:[-0.8550112852927862 0.44209256457499657 0.2711267779443154 -0.011381086785127368 0.027401356869550527 -0.4835552936863331 0.8748847289444212 0.013336748373716036 0.5178848845343528 0.755465629259354 0.4013313860561323 -0.33996639505673304 0.0 0.0 0.0 1.0]
Frame:126, T_inverse:[-0.8458403219882441 0.4552133743883708 0.27809166728723755 -0.011707262939413567 0.02740144378824768 -0.4835554553116885 0.8748847204140303 0.013336758208396762 0.5327319869585614 0.747632872054322 0.3965372037126086 -0.3397648532363467 0.0 0.0 0.0 1.0]
Frame:127, T_inverse:[-0.8364034157705151 0.46820622837472275 0.28497719266328847 -0.01203490670553324 0.027401353318267672 -0.48355522765412756 0.8748847497802364 0.013336697963358067 0.5474287368247316 0.7395654470719705 0.3916179636252682 -0.3395574384813252 0.0 0.0 0.0 1.0]
Frame:128, T_inverse:[-0.8267203950483801 0.48104423406557495 0.2917697987067465 -0.012353156313677498 0.027401504111673747 -0.48355537154063555 0.8748846708769021 0.013336704183606364 0.5619451525540157 0.731280037706081 0.3865839043291001 -0.3393446783885669 0.0 0.0 0.0 1.0]
Frame:129, T_inverse:[-0.8167596196935752 0.493768170880681 0.29849057182293 -0.012683052864453141 0.02740155682469829 -0.4835554899419606 0.8748846120481589 0.013336756366595792 0.5763269702475137 0.7227495702081528 0.38141866897946225 -0.339125732396892 0.0 0.0 0.0 1.0]
Frame:130, T_inverse:[-0.8066058050612271 0.5062716035220142 0.3050833006748769 -0.012976130075349231 0.02740160421468666 -0.48355537843766055 0.8748846117718172 0.013336703842921214 0.5904539884979763 0.7140469403890097 0.3761661537182988 -0.3389025965706267 0.0 0.0 0.0 1.0]
Frame:131, T_inverse:[-0.7961822251673024 0.5186517439452187 0.31159944645804116 -0.013279524259013343 0.02740174084114287 -0.48355534270298733 0.8748847536520383 0.013336680391262604 0.6044361302515763 0.7051060494166638 0.37078621984941074 -0.33867353894001473 0.0 0.0 0.0 1.0]
Frame:132, T_inverse:[-0.7854969592559563 0.530895544045871 0.31803216828766995 -0.013589671585442576 0.02740173968119411 -0.4835555611995356 0.8748846534177988 0.013336706135930932 0.6182585762992105 0.6959338598474061 0.3652839521290976 -0.3384388359276335 0.0 0.0 0.0 1.0]
Frame:133, T_inverse:[-0.7745986207740587 0.5429482011670953 0.3243519100548277 -0.013881032630270096 0.02740127635758372 -0.4835554004142718 0.8748847017042852 0.013336764236158474 0.6318591941532198 0.6865722293535487 0.35968394930200065 -0.3381994219942683 0.0 0.0 0.0 1.0]
Frame:134, T_inverse:[-0.7634465966779176 0.5548543948889405 0.33058381790892466 -0.0141778092089224 0.02740177207936825 -0.4835554418862199 0.874884609386256 0.013336645357182287 0.6452892325221705 0.6769863235723783 0.3539649371825532 -0.33795449294055835 0.0 0.0 0.0 1.0]
Frame:135, T_inverse:[-0.752084368793688 0.5665689433382574 0.3367024543125998 -0.014458643746144376 0.02740162374177586 -0.48355534823320545 0.8748846605650394 0.013336720596119895 0.6584968056761753 0.6672133407086629 0.34814969387774797 -0.33770474781604987 0.0 0.0 0.0 1.0]
Frame:136, T_inverse:[-0.7404595512213917 0.5781447963045895 0.342736418341587 -0.014752101406921186 0.02740166474161776 -0.4835553872868809 0.8748847771515686 0.013336690225041706 0.6715421614564746 0.6572082659395896 0.3422110786938628 -0.3374495149503305 0.0 0.0 0.0 1.0]
Frame:137, T_inverse:[-0.7286385963009568 0.589515287334333 0.34865096536171675 -0.015026544764554986 0.027401751110296368 -0.4835555721064417 0.874884629976139 0.013336737800944447 0.6843499557757811 0.6470283962467729 0.3361835216615757 -0.3371899313271428 0.0 0.0 0.0 1.0]
Frame:138, T_inverse:[-0.7165755048690233 0.6007254846333048 0.35446895775866555 -0.015306234326317433 0.027401580734986455 -0.4835554698522438 0.8748846213529357 0.01333674379656806 0.6969709376335791 0.6366339726461987 0.3300432898422716 -0.3369250725895788 0.0 0.0 0.0 1.0]
Frame:139, T_inverse:[-0.7043124940086853 0.6117360782259206 0.36017063778443786 -0.015572381278983548 0.027401833518708653 -0.4835554625506867 0.8748846754834445 0.013336666693211858 0.7093610053605109 0.6260615675408121 0.3238114903387679 -0.33665589647127975 0.0 0.0 0.0 1.0]
Frame:140, T_inverse:[-0.6918151684620976 0.6225777999325305 0.36577135988246134 -0.01584317751266877 0.027401633031727473 -0.4835554722009206 0.8748846983264957 0.013336709458301515 0.7215545479700121 0.6152812483794821 0.3174713393816769 -0.33638145964903654 0.0 0.0 0.0 1.0]
Frame:141, T_inverse:[-0.6791552144932738 0.6331895339580437 0.3712399486502473 -0.01608671517023796 0.027401487017058204 -0.4835554508268677 0.874884686903146 0.013336733932300353 0.7334829705524357 0.6043550427062109 0.3110589189423498 -0.3361034906681719 0.0 0.0 0.0 1.0]
Frame:142, T_inverse:[-0.6661895870788515 0.6436890530355509 0.3766372676564071 -0.016370715011909964 0.027401645341826823 -0.48355554540561246 0.8748846026560465 0.01333671442496496 0.7452787107206269 0.5931595806040001 0.3045016628679189 -0.3358188753336059 0.0 0.0 0.0 1.0]
Frame:143, T_inverse:[-0.6530927054767568 0.653934459316562 0.38188935822809517 -0.0166169689375327 0.027401440782721036 -0.4835552701920092 0.8748847213713381 0.013336702248615396 0.7567819229512115 0.5818452108302758 0.29788781785036755 -0.3355313141513851 0.0 0.0 0.0 1.0]
