Frame:1, T_inverse:[0.060083492790344126 -0.998193328456677 -9.964265389199442e-08 9.203802191199069e-09 0.011217206596001053 0.000675125092683264 0.999936835417714 -3.6094450827646596e-08 -0.9981302727088319 -0.06007966573903888 0.011237539365940626 -0.3354032093275788 0.0 0.0 0.0 1.0]
Frame:2, T_inverse:[0.0615021725443565 -0.9981068300364866 -2.792174360512001e-07 1.0118748096181887e-08 0.0392109098329117 0.0024159731633971206 0.9992278870278319 -6.647991157927592e-08 -0.997336327458871 -0.0614545789903091 0.039285391172328814 -0.3354031457221323 0.0 0.0 0.0 1.0]
Frame:3, T_inverse:[0.06449818498031004 -0.9979178200693319 1.258369924836152e-07 2.9079218179005533e-08 0.06703839506225155 0.004333034082810391 0.9977409293596924 -1.618239149498273e-08 -0.9956635088257824 -0.06435243510910903 0.06717831248865949 -0.335403108866004 0.0 0.0 0.0 1.0]
Frame:4, T_inverse:[0.06907204629805963 -0.9976116494737666 -2.9422057384648165e-07 -1.4522424049643088e-08 0.09457960648526795 0.006548192835855676 0.9954957307953652 -7.238783343568258e-09 -0.993118163021907 -0.06876091118109894 0.09480605319757666 -0.3354031245029704 0.0 0.0 0.0 1.0]
Frame:5, T_inverse:[0.07522568658406241 -0.9971664950861633 3.4788323463504814e-08 -1.7777561886782123e-08 0.1217136673417068 0.009182071767119535 0.992522723768071 -1.023269130773984e-08 -0.9897104926059471 -0.07466317591151447 0.12205955154389549 -0.33540316560309436 0.0 0.0 0.0 1.0]
Frame:6, T_inverse:[0.08295991834500696 -0.9965527175842669 -6.384447745284534e-08 -8.414991404295855e-09 0.14831822641835476 0.012347135496734394 0.9888624228514641 -3.790318090979182e-08 -0.9854537184327473 -0.08203577508809563 0.1488314547660929 -0.33540312771318564 0.0 0.0 0.0 1.0]
Frame:7, T_inverse:[0.0922741550197672 -0.9957336600486792 -1.4137983026279608e-07 -1.0048991304837718e-08 0.17426904812932453 0.01614929314065221 0.9845656610890221 -3.1701710130234553e-08 -0.9803650910163034 -0.09084998173857707 0.17501573077423618 -0.3354032015863001 0.0 0.0 0.0 1.0]
Frame:8, T_inverse:[0.10316540876574153 -0.9946640109368702 -3.42818958025654e-07 5.4888960112075945e-09 0.19943927773660414 0.020685450532166017 0.9796916292635899 -1.4684913113008186e-07 -0.9744642276978169 -0.10107016406984723 0.20050932635106525 -0.33540307613137743 0.0 0.0 0.0 1.0]
Frame:9, T_inverse:[0.11562763149612743 -0.993292630576815 1.5700658880237468e-07 8.735085724282475e-09 0.22370147086140676 0.026040872819021895 0.9743098029302395 6.258484332673028e-08 -0.9677747518202376 -0.11265711923835657 0.22521204475861403 -0.33540322402973427 0.0 0.0 0.0 1.0]
Frame:10, T_inverse:[0.1296483918268916 -0.9915600220335736 4.4878534317865e-08 -1.2326404006534408e-08 0.24692351975014598 0.03228579485157411 0.968496977047545 -3.454849194993991e-08 -0.9603228756000305 -0.12556403470144303 0.2490253167736483 -0.3354031329667839 0.0 0.0 0.0 1.0]
Frame:11, T_inverse:[0.1452095355764132 -0.9894008718523951 -9.577110051022068e-08 -7.980055829224558e-09 0.2689744937377252 0.0394760300055476 0.9623378768569555 -3.644471441569967e-09 -0.9521379965070229 -0.1397406100052434 0.271855969931473 -0.3354031488276277 0.0 0.0 0.0 1.0]
Frame:12, T_inverse:[0.16228339991797935 -0.9867442128181189 -4.509813744497965e-08 -2.599006738591931e-08 0.2897217060545175 0.04764857237375272 0.9559241812863242 -4.423523368777302e-09 -0.9432526062958058 -0.15513067007469925 0.2936137694884403 -0.3354031349754961 0.0 0.0 0.0 1.0]
Frame:13, T_inverse:[0.18083216205132208 -0.9835139317335567 -1.0590939266641162e-07 -1.73573518529465e-08 0.30903230055330705 0.05681965271481737 0.94935265045304 -6.341035448284353e-08 -0.9337015771271878 -0.17167348517624872 0.31421244312832575 -0.3354031529327564 0.0 0.0 0.0 1.0]
Frame:14, T_inverse:[0.20080491661317115 -0.9796312569047749 -2.1235581464013295e-08 -8.42946068830363e-08 0.326776761958798 0.0669827279142818 0.94272488036561 -6.928715606179587e-08 -0.9235227973032668 -0.18930379038269055 0.33357119022195736 -0.3354031155289151 0.0 0.0 0.0 1.0]
Frame:15, T_inverse:[0.22213668048991175 -0.9750155482404197 -1.0226182000070461e-07 -1.5874561032192758e-08 0.34282899326982663 0.07810622966028814 0.9361451273365647 -2.0818898005884526e-08 -0.9127560400429722 -0.2079522267203829 0.3516138549672854 -0.33540314114281883 0.0 0.0 0.0 1.0]
Frame:16, T_inverse:[0.24474582768191772 -0.9695872849278954 -3.160844728531076e-08 -6.8733125163141185e-09 0.357068405251615 0.09013215019906333 0.9297194765584541 -4.197439756320014e-09 -0.9014441785798096 -0.22754494959486604 0.36826847986741607 -0.33540317539305253 0.0 0.0 0.0 1.0]
Frame:17, T_inverse:[0.26853288395310576 -0.9632704423385366 -1.846645937360228e-07 2.293275878777885e-08 0.3693846081866696 0.10297401009921674 0.9235535446618381 -1.1999114686700911e-07 -0.8896318953731571 -0.24800446112615615 0.3834693107347774 -0.33540318284423054 0.0 0.0 0.0 1.0]
Frame:18, T_inverse:[0.29338089489773284 -0.9559956403934546 -5.17460359531357e-08 -1.3901888262964667e-08 0.3796807855522009 0.1165183644120764 0.9177505153614008 2.46515728206038e-08 -0.8773654456246561 -0.2692505017550041 0.39715743395915193 -0.3354031428112914 0.0 0.0 0.0 1.0]
Frame:19, T_inverse:[0.3191532969434512 -0.9477030209901262 -2.874657910079172e-07 -5.530876625541248e-08 0.3878734721625739 0.13062205848456634 0.9124098914209896 -8.348898586599792e-08 -0.8646936664848125 -0.29119868150846306 0.4092774279031192 -0.3354031744646401 0.0 0.0 0.0 1.0]
Frame:20, T_inverse:[0.3456966664554119 -0.9383463152505914 -1.4243763216554715e-07 -3.784505256757273e-09 0.3939012830161955 0.14511726839281225 0.9076247687342658 -1.0052335802742368e-07 -0.8516663086747882 -0.3137628774989711 0.41978241077451045 -0.3354032028955776 0.0 0.0 0.0 1.0]
Frame:21, T_inverse:[0.3728408729294511 -0.927895284454382 9.649689021392142e-08 4.814673913435606e-08 0.39772489055113064 0.1598113428589159 0.9034795102189553 9.905469098050797e-08 -0.8383343722473243 -0.3368540372351005 0.428631271835366 -0.33540316679180465 0.0 0.0 0.0 1.0]
Frame:22, T_inverse:[0.40040050020745743 -0.916340244085537 -2.0800625074958262e-07 -3.580512648449921e-08 0.399329604774294 0.17448933986108928 0.9000496386912619 -4.886496020698702e-08 -0.8247516432458002 -0.3603804149177935 0.4357873917665934 -0.3354031334817075 0.0 0.0 0.0 1.0]
Frame:23, T_inverse:[0.42818285096878983 -0.9036921169726518 1.192520501563809e-07 4.846143882295961e-08 0.3987308754395495 0.18892478995181836 0.8973968483984684 1.304532664350741e-08 -0.8109705004050642 -0.38424987900091384 0.44122429524777623 -0.3354031742869322 0.0 0.0 0.0 1.0]
Frame:24, T_inverse:[0.4559862378259615 -0.8899867830511426 2.844763359471587e-09 6.26687410757171e-09 0.3959723578096259 0.2028771346659018 0.8955706128325419 -2.5260956387927494e-08 -0.797046063192365 -0.40836783142450156 0.4449193873031991 -0.33540314415202793 0.0 0.0 0.0 1.0]
Frame:25, T_inverse:[0.4836097749172934 -0.87528372135624 1.3365089351439662e-07 9.052536618540199e-08 0.391128293172135 0.21610547914443873 0.8946043761777583 5.5043976320318286e-08 -0.7830327005441642 -0.43263936094604327 0.4468589899093229 -0.3354031244096422 0.0 0.0 0.0 1.0]
Frame:26, T_inverse:[0.5108548830429501 -0.8596669738355841 7.865888899631742e-08 1.9511222394191266e-08 0.38430072033391377 0.22836979488662118 0.8945167748326349 8.810228069587515e-08 -0.7689864813747295 -0.4569682318682033 0.44703445432307987 -0.335403133642049 0.0 0.0 0.0 1.0]
Frame:27, T_inverse:[0.5375336768523623 -0.8432422614263742 9.012439977740714e-08 5.3690698151188516e-08 0.37561863263031026 0.239442145649651 0.8953089846734911 7.486703624212642e-08 -0.7549623631955876 -0.4812586896742671 0.44544571854657883 -0.3354032079318459 0.0 0.0 0.0 1.0]
Frame:28, T_inverse:[0.5634705443113641 -0.8261360977160088 -1.0566518104865514e-07 -2.151760168456406e-08 0.36523366030965165 0.24910947736142466 0.8969664634814329 -6.851188699842984e-08 -0.7410163726513428 -0.5054142349901489 0.4420986049021368 -0.33540315120854836 0.0 0.0 0.0 1.0]
Frame:29, T_inverse:[0.5885093714122274 -0.8084903887862963 -7.916646753117171e-08 -5.3259668554373107e-08 0.35331620403431674 0.257182813710735 0.8994579480858386 -4.0193805764478797e-08 -0.7272030833015177 -0.5293394585181923 0.43700727754419 -0.33540320451594074 0.0 0.0 0.0 1.0]
Frame:30, T_inverse:[0.612516002793437 -0.7904581396628902 -9.395290970247065e-08 2.0397461663336957e-08 0.3400481179840911 0.2634989124055155 0.9027377818033111 -2.2545558148893334e-08 -0.7135764348404977 -0.5529413693353302 0.43019115206398834 -0.3354031651988528 0.0 0.0 0.0 1.0]
Frame:31, T_inverse:[0.6353769264982791 -0.772202104234481 -9.23695057147715e-08 -1.2988463329460364e-08 0.3256200979324693 0.26792395859736207 0.9067459313534585 -5.527536511926764e-08 -0.7001911563200129 -0.5761254304701352 0.42167726431657915 -0.3354031515287496 0.0 0.0 0.0 1.0]
Frame:32, T_inverse:[0.6570053360580322 -0.7538859484764147 1.1071583048158784e-07 2.9326612051467943e-08 0.3102236122653379 0.2703574422397986 0.911410003936843 3.60356240900095e-08 -0.6870991906164557 -0.598801161201041 0.411499483732159 -0.3354031380642208 0.0 0.0 0.0 1.0]
Frame:33, T_inverse:[0.6773363598680238 -0.7356733626071916 -1.735112674131038e-07 1.2944281711292993e-08 0.2940465551928884 0.27072933605808797 0.9166471183713094 -8.902860119608343e-08 -0.6743529763570001 -0.6208784123294062 0.39969714987509336 -0.3354031015582234 0.0 0.0 0.0 1.0]
Frame:34, T_inverse:[0.6963298780059781 -0.7177218131700587 -5.229962768726724e-08 7.352910097018259e-09 0.27726858293792517 0.26900456856634114 0.9223656342034353 -4.007096864135824e-08 -0.6620020429568814 -0.6422707081764917 0.38631769924179654 -0.3354031039605041 0.0 0.0 0.0 1.0]
Frame:35, T_inverse:[0.713965302681619 -0.7001811016008841 -1.1506425934780909e-08 -2.77188757903695e-08 0.2600566169406913 0.26517625608392004 0.928467584802274 -7.244518378827257e-09 -0.6500954456095839 -0.6628936598310503 0.37141338526079176 -0.3354031472897275 0.0 0.0 0.0 1.0]
Frame:36, T_inverse:[0.7302401414861113 -0.6831905013487558 -3.448674525871882e-09 1.9741445906134116e-08 0.2425622627076074 0.25926696931288057 0.9348497543108164 -1.0092858839424134e-08 -0.6386805274991292 -0.6826647910194301 0.3550434259265588 -0.33540314657260606 0.0 0.0 0.0 1.0]
Frame:37, T_inverse:[0.7451685912512046 -0.6668761469470725 9.324943521858804e-08 4.438063436882914e-08 0.22491885362866731 0.2513248638740714 0.941407108900047 5.27381540585973e-08 -0.6278019595196694 -0.7015069610523553 0.3372724136893381 -0.33540313531529253 0.0 0.0 0.0 1.0]
Frame:38, T_inverse:[0.7587764016496507 -0.6513512066093061 -1.0319297196777076e-07 -9.816095728705395e-09 0.20724031548741656 0.24141965691457906 0.9480336872458851 -1.9295395755223376e-08 -0.6175028886237588 -0.7193455867074807 0.3181697666472433 -0.3354031274238845 0.0 0.0 0.0 1.0]
Frame:39, T_inverse:[0.7710990927652804 -0.6367151271819956 1.339076168347006e-08 -6.946306210132097e-08 0.18962118956284152 0.22964233124406153 0.954624620304153 -1.9999000493201907e-08 -0.607823917662031 -0.7361102232576963 0.29781169477843805 -0.3354032051344288 0.0 0.0 0.0 1.0]
Frame:40, T_inverse:[0.7821790453449071 -0.6230536999262936 6.984792521931465e-09 1.368131965031869e-08 0.17213643789342414 0.21609941490258394 0.9610775545150958 5.4792693116638314e-08 -0.5988029155992325 -0.7517346730937323 0.27627868970184305 -0.33540312737913586 0.0 0.0 0.0 1.0]
Frame:41, T_inverse:[0.792061946123312 -0.6104407378684806 1.442012050048243e-07 9.46138849150672e-10 0.15484144265558242 0.20091081849872916 0.967294638893967 7.426498796940635e-08 -0.5904760941321984 -0.7661572571249021 0.25365532678959074 -0.33540313949020034 0.0 0.0 0.0 1.0]
Frame:42, T_inverse:[0.8007959521713105 -0.5989372226195449 2.3787354516839867e-08 2.817307988108631e-08 0.13777369460033992 0.18420738889235758 0.9731833974820746 -1.2650863852702227e-09 -0.5828758067325504 -0.7793213200653129 0.23003034576157477 -0.33540318240178835 0.0 0.0 0.0 1.0]
Frame:43, T_inverse:[0.8084286131285532 -0.5885942568712279 2.1147312773290088e-08 4.425000644920734e-08 0.1209548046027102 0.1661303438645064 0.978657537110353 2.5706697477042778e-08 -0.576032241260952 -0.7911747598752175 0.20549783950592063 -0.33540320417711317 0.0 0.0 0.0 1.0]
Frame:44, T_inverse:[0.8150054295866478 -0.5794533853568887 -3.510900826621698e-08 -2.9782280157689164e-09 0.10439089465578982 0.14682647961020437 0.9836384175365794 -4.924652049236359e-08 -0.5699725932005908 -0.8016706234531421 0.18015403758473303 -0.3354031477757721 0.0 0.0 0.0 1.0]
Frame:45, T_inverse:[0.8205691564960084 -0.5715472553062368 -4.238466953050397e-08 8.611127606569268e-09 0.08807532738284274 0.1264496074808446 0.9880551371878402 1.2068355352544503e-08 -0.5647202991056866 -0.8107675354473959 0.1540998977290497 -0.33540315212662675 0.0 0.0 0.0 1.0]
Frame:46, T_inverse:[0.8251577037025956 -0.5649024529442424 7.114004774513296e-09 -1.9373463054320593e-08 0.0719895803674692 0.10515576409816503 0.9918466695123956 -2.8277341778785566e-08 -0.5602965823473959 -0.8184299117212663 0.12743716536735994 -0.3354031936024699 0.0 0.0 0.0 1.0]
Frame:47, T_inverse:[0.82880427371123 -0.559538592673373 -9.600178212148904e-08 -4.023054509225489e-09 0.0561058302126017 0.08310540132631446 0.9949600978530417 -8.026506340609564e-08 -0.5567185714829601 -0.8246272177255939 0.10027149402148049 -0.3354031933291058 0.0 0.0 0.0 1.0]
Frame:48, T_inverse:[0.8315360274874334 -0.5554707211645887 -9.266614760650846e-08 -1.8053978481354875e-08 0.04038854370604626 0.06046140847513923 0.9973529171746233 -6.280021108521749e-08 -0.5540004778812497 -0.829334864244937 0.07271053507688628 -0.3354030732535548 0.0 0.0 0.0 1.0]
Frame:49, T_inverse:[0.833374029063403 -0.5527094329600324 -1.0774543802219116e-08 1.1348026594148273e-08 0.024796219547049143 0.03738773385630562 0.9989930722823432 7.816674774097893e-08 -0.5521529061902646 -0.8325348501710016 0.04486308278844317 -0.3354031006140187 0.0 0.0 0.0 1.0]
Frame:50, T_inverse:[0.8343324523914394 -0.5512615885364605 -6.997642739639286e-08 1.931062319223197e-08 0.009282041848695617 0.014048244188566964 0.9998582101753742 -4.539723513124717e-08 -0.551183429504331 -0.834214151125153 0.016837744690970633 -0.33540321900301145 0.0 0.0 0.0 1.0]
Frame:51, T_inverse:[0.8344189512752969 -0.5511306231507226 -7.610332874761914e-08 2.6379821326482852e-08 -0.006202181953066844 -0.0093902350822615 0.9999365930759458 -7.917463561918462e-08 -0.5510957531625811 -0.8343660237011299 -0.011253589053171477 -0.33540316642114154 0.0 0.0 0.0 1.0]
Frame:52, T_inverse:[0.83363433934959 -0.5523167416182295 -8.255660595035765e-08 2.150391363105365e-09 -0.021706205205149154 -0.032762159937351994 0.9992273610504357 -2.25991072790896e-08 -0.551890062726044 -0.8329902439555745 -0.039300352878938107 -0.3354031941379027 0.0 0.0 0.0 1.0]
Frame:53, T_inverse:[0.8319723044233414 -0.5548171319813516 6.442238542189479e-08 6.240884372206834e-08 -0.0372793938746501 -0.05590192811594325 0.9977400237725542 4.0747748231141806e-08 -0.5535633167386305 -0.8300920581843251 -0.06719210280878286 -0.3354031407540978 0.0 0.0 0.0 1.0]
Frame:54, T_inverse:[0.829419641901987 -0.5586259879281429 -5.062334516836624e-08 1.6541796809674924e-08 -0.05296847991511028 -0.07864490973436175 0.9954944142605976 -1.0716091956399977e-07 -0.5561090885403757 -0.8256826077147986 -0.09481919037040033 -0.33540308136077773 0.0 0.0 0.0 1.0]
Frame:55, T_inverse:[0.8259570074188562 -0.5637330745857899 -9.323067222950982e-08 -1.655100395815962e-08 -0.0688158861988013 -0.10082607439093216 0.9925211381686493 -4.162299005417658e-08 -0.5595170896042698 -0.8197797904281742 -0.12207178223301372 -0.3354031346391142 0.0 0.0 0.0 1.0]
Frame:56, T_inverse:[0.8215582755155356 -0.5701244984193329 -9.289914722100508e-08 9.779046518100981e-09 -0.08485877682354297 -0.12228292082557017 0.9888608300185865 -9.793542953024557e-08 -0.5637738625869935 -0.8124068170957273 -0.14884260770686805 -0.3354030970246248 0.0 0.0 0.0 1.0]
Frame:57, T_inverse:[0.8161913617973503 -0.5777816484836397 -5.9298200752106716e-08 -6.99837704318248e-09 -0.10112661318827183 -0.14285447773443544 0.9845637850655158 -1.8250968457535464e-09 -0.5688629334836811 -0.8035924864330506 -0.17502567394282884 -0.33540313004321054 0.0 0.0 0.0 1.0]
Frame:58, T_inverse:[0.8098193350200885 -0.5866793496940701 -4.0700995921464786e-08 -2.579267497976994e-08 -0.11763996797839302 -0.1623835613728305 0.9796898383169419 2.8161105992425283e-08 -0.5747638305482705 -0.7933717082500967 -0.20051826145113003 -0.335403128238523 0.0 0.0 0.0 1.0]
Frame:59, T_inverse:[0.802400468969706 -0.5967859652836932 4.426831459879762e-08 4.7049167129169166e-08 -0.13440797907227867 -0.18071634138296244 0.974308009533424 1.3939410069884058e-08 -0.5814533512870387 -0.7817852345622139 -0.22521966653344186 -0.3354031317610521 0.0 0.0 0.0 1.0]
Frame:60, T_inverse:[0.7938894790283484 -0.608062095719 1.4900317964143268e-07 3.5149685259886605e-08 -0.15142679502625445 -0.1977034791229604 0.9684953488428979 1.6979688532789898e-07 -0.5889052940073908 -0.7688783006253934 -0.24903160465531626 -0.3354031529557234 0.0 0.0 0.0 1.0]
Frame:61, T_inverse:[0.7842389650764097 -0.6204589204598167 -3.7827517291486326e-08 -3.4691430740927705e-08 -0.16867920486454807 -0.21320496059463767 0.9623362992844179 -6.790336630782448e-08 -0.5970901199716218 -0.7547016782827748 -0.27186216671083235 -0.335403227457651 0.0 0.0 0.0 1.0]
Frame:62, T_inverse:[0.7734010770368512 -0.6339169187899737 -1.961422376502544e-07 -6.083663228370576e-08 -0.1861300685045442 -0.22708531091129916 0.9559222831886551 -1.3456728433485104e-07 -0.6059754344300889 -0.7393112470435758 -0.2936189883229128 -0.33540305020492894 0.0 0.0 0.0 1.0]
Frame:63, T_inverse:[0.7613295832644095 -0.6483650035636435 2.454548998308003e-08 5.131123263614495e-08 -0.203727105473658 -0.23922215698434302 0.9493510934923853 4.6349268238107784e-08 -0.6155261510165125 -0.7227690243335994 -0.31421639657094574 -0.3354030900534496 0.0 0.0 0.0 1.0]
Frame:64, T_inverse:[0.7479806538205712 -0.6637204586841662 -3.186692115698431e-08 2.9297122023942902e-08 -0.22140034511626125 -0.24950716876610446 0.9427234533335578 4.002493464522366e-08 -0.625704978360476 -0.7051388320378974 -0.33357443156479827 -0.3354030649144411 0.0 0.0 0.0 1.0]
Frame:65, T_inverse:[0.733317774429097 -0.6798860385897518 8.601691615199098e-08 4.2874662165308316e-08 -0.2390588625639358 -0.25784618884515337 0.936144298340941 1.0535687865670324e-07 -0.6364714198150171 -0.6864912965012404 -0.3516159793298706 -0.33540313652220344 0.0 0.0 0.0 1.0]
Frame:66, T_inverse:[0.7173124888123316 -0.696751580573881 4.477682071282201e-09 -2.233660414218486e-08 -0.25659290626345654 -0.2641648583728908 0.9297187655567071 -4.0654095695678195e-09 -0.6477830236071009 -0.6668989061532163 -0.36827026260227486 -0.33540311859783334 0.0 0.0 0.0 1.0]
Frame:67, T_inverse:[0.6999488116910457 -0.7141930051023468 -2.6797696421291356e-08 1.9141464425402564e-13 -0.2738722498011444 -0.2684100278053267 0.9235528956872718 -6.883127351509241e-08 -0.6595950835869585 -0.6464397417456333 -0.38347092743070427 -0.33540314934019644 0.0 0.0 0.0 1.0]
Frame:68, T_inverse:[0.6812250415610006 -0.7320740934290992 -1.3205950591548225e-07 -1.0873003599414571e-08 -0.290749160271809 -0.27055418309220897 0.9177501341822505 -1.0333571623189911e-07 -0.6718611135737402 -0.6251942978315163 -0.3971581987938866 -0.3354031703626126 0.0 0.0 0.0 1.0]
Frame:69, T_inverse:[0.6611578274880167 -0.7502467891426376 2.1922096191853591e-07 3.1768877625342854e-08 -0.30705931415032356 -0.2705968743846409 0.9124098555471466 1.3416905333153322e-07 -0.6845325731434183 -0.6032469954026914 -0.40927749174348654 -0.3354031214097551 0.0 0.0 0.0 1.0]
Frame:70, T_inverse:[0.639783640418116 -0.7685550487472699 2.435084482332243e-07 4.4370218977781446e-08 -0.32262571267897944 -0.2685694729078514 0.9076249885043638 1.9279515572945446e-07 -0.697559722389837 -0.580683646555205 -0.41978196621528896 -0.33540315927079006 0.0 0.0 0.0 1.0]
Frame:71, T_inverse:[0.6171619935493328 -0.7868361012979237 -1.013595817606105e-07 1.280941189409909e-08 -0.3372620648681836 -0.2645347112567191 0.9034797731655793 -8.641779199659172e-08 -0.7108905055794694 -0.5575933735418703 -0.42863075148649293 -0.3354031427458924 0.0 0.0 0.0 1.0]
Frame:72, T_inverse:[0.5933756209762177 -0.8049256460416421 -2.7854607447197272e-08 -3.5614762755783605e-08 -0.35077610346698956 -0.2585853228910014 0.9000497800009325 1.2638971318944597e-08 -0.7244732099083194 -0.5340675846733397 -0.4357869016263491 -0.3354030849056226 0.0 0.0 0.0 1.0]
Frame:73, T_inverse:[0.5685322925959898 -0.8226608163318079 -3.989236117773691e-09 4.132264437467002e-08 -0.362977424521493 -0.25084954238300783 0.8973969651688108 6.8384991174866685e-09 -0.7382534674665912 -0.5101990304058394 -0.44122332028102446 -0.3354030465820765 0.0 0.0 0.0 1.0]
Frame:74, T_inverse:[0.5427625347608378 -0.8398861650391042 2.4447164361741285e-08 -3.844283188228777e-09 -0.3736811889568024 -0.24148520205201446 0.8955709021541238 6.703100685808222e-08 -0.7521776489409026 -0.48608231983534544 -0.4449187712900182 -0.3354030850357928 0.0 0.0 0.0 1.0]
Frame:75, T_inverse:[0.5162191596641378 -0.856456401311525 -6.216061298110098e-08 3.520220657176318e-08 -0.3827149932000493 -0.230676827771177 0.8946043848019221 -2.7039927091529364e-08 -0.7661898112405383 -0.4618118279552985 -0.446858465294797 -0.3354030581967386 0.0 0.0 0.0 1.0]
Frame:76, T_inverse:[0.48907327296565434 -0.8722426299274054 -8.562375240201465e-08 4.086860131849129e-08 -0.38992246228733346 -0.21863252356317894 0.8945166787839545 2.3775145228447138e-08 -0.7802356955615354 -0.4374841170938944 -0.44703428870968287 -0.33540307644192585 0.0 0.0 0.0 1.0]
Frame:77, T_inverse:[0.46151109007431323 -0.8871344096806876 2.1564220984665138e-08 2.4088385836140753e-08 -0.39517061202904097 -0.20557824017737641 0.8953087151897091 8.286667569353239e-08 -0.7942592126430594 -0.4131948764304124 -0.44544608255448936 -0.3354031454287176 0.0 0.0 0.0 1.0]
Frame:78, T_inverse:[0.4337284870139617 -0.9010435949974095 1.608706636704974e-08 -1.7730409785581963e-08 -0.3983514356545968 -0.1917513137696621 0.896965699075656 9.428297600483804e-09 -0.8082052210245659 -0.38903956078824664 -0.4420999959098843 -0.3354031854595217 0.0 0.0 0.0 1.0]
Frame:79, T_inverse:[0.40592720352318196 -0.9139053030730814 -2.1516286749361697e-07 -3.205787929742147e-08 -0.3993853336598941 -0.1773940720837357 0.8994567052500564 -9.576860381629607e-08 -0.8220184141615653 -0.36511379216531314 -0.437009414249296 -0.33540301842227654 0.0 0.0 0.0 1.0]
Frame:80, T_inverse:[0.378308183506734 -0.9256796363332048 -4.913804808440029e-08 -1.1009486448859449e-09 -0.398221701020321 -0.1627457878565025 0.9027364217631291 -4.611503043552612e-08 -0.8356448648468411 -0.34151251969038077 -0.43019376577250235 -0.33540311134989276 0.0 0.0 0.0 1.0]
Frame:81, T_inverse:[0.35106700048493145 -0.9363502857544056 -3.261898386187213e-07 -9.129159180006908e-08 -0.39484083411575205 -0.14803840450861805 0.9067442975618947 -1.0828947727896842e-07 -0.849030380843172 -0.31832785541688285 -0.42168072138422436 -0.3354031797237711 0.0 0.0 0.0 1.0]
Frame:82, T_inverse:[0.32439102660136687 -0.9459229265941664 -1.0829639751224856e-07 3.8378962772540876e-08 -0.3892503422224008 -0.13348781285811903 0.911408116035111 -5.311578353335046e-08 -0.8621220334953591 -0.2956524674464017 -0.4115030187858169 -0.3354031446357705 0.0 0.0 0.0 1.0]
Frame:83, T_inverse:[0.29845271136686913 -0.9544244162563437 9.144976406835256e-08 -4.845730654615341e-08 -0.38148511811037283 -0.11929194815063977 0.916645222559695 3.829716147443473e-08 -0.8748685926675168 -0.27357526261104503 -0.3997017221355405 -0.33540308244849054 0.0 0.0 0.0 1.0]
Frame:84, T_inverse:[0.273409872228471 -0.9618975877773321 8.283847849630633e-08 8.118386227250319e-08 -0.3716030024694578 -0.10562435519755224 0.9223635939171387 6.820400692153572e-08 -0.8872193607089985 -0.2521833190593358 -0.386322769631365 -0.3354031510778385 0.0 0.0 0.0 1.0]
Frame:85, T_inverse:[0.2494015529115779 -0.968400186560293 -3.100636101376248e-07 -7.240051312907131e-08 -0.35968282097656257 -0.09263295904397906 0.9284650903544936 -3.687643344681576e-08 -0.8991257551459375 -0.2315605519268607 -0.3714197097654914 -0.33540318894031124 0.0 0.0 0.0 1.0]
Frame:86, T_inverse:[0.2265498798034612 -0.9739995239560049 1.4003678483861803e-07 7.60009896876854e-08 -0.34581878707419855 -0.08043639099311514 0.9348471808862259 9.341756907830586e-08 -0.9105407740263473 -0.21178952011323332 -0.35505015535063394 -0.3354030974125263 0.0 0.0 0.0 1.0]
Frame:87, T_inverse:[0.20495675726553794 -0.9787709746497754 1.7719599398840608e-07 6.154990227512207e-08 -0.3301198159070787 -0.06912756736213595 0.9414043882058598 8.16748851056899e-08 -0.9214192928177949 -0.1929472157312901 -0.33727981772851706 -0.3354031337713039 0.0 0.0 0.0 1.0]
Frame:88, T_inverse:[0.18470739995804106 -0.9827935473621728 2.8495413303570776e-07 2.9699495897223344e-08 -0.3127038060689978 -0.058769642896141054 0.9480308402893302 4.9968522447549315e-08 -0.9317185737052671 -0.17510838734689277 -0.318178456875145 -0.33540312011422224 0.0 0.0 0.0 1.0]
Frame:89, T_inverse:[0.1658702672602718 -0.9861475308708433 -2.8755517358337584e-08 -7.208234644787543e-08 -0.29369623636792663 -0.04939974627855414 0.9546214234568771 -7.367932055343023e-08 -0.9413976277599134 -0.1583432636281502 -0.29782174414036944 -0.3354031764746737 0.0 0.0 0.0 1.0]
Frame:90, T_inverse:[0.14849912515586475 -0.9889125543360863 8.209503983863739e-08 7.298837943157786e-09 -0.2732259661832157 -0.041028647675424815 0.9610744894534538 -4.181806708320173e-08 -0.9504186097141124 -0.14271875030818304 -0.276289316453371 -0.33540314658703524 0.0 0.0 0.0 1.0]
Frame:91, T_inverse:[0.1326338828078273 -0.9911650965294669 -6.913710346460989e-08 -1.282716488975097e-08 -0.25142529954559945 -0.03364482693766399 0.9672917437179294 6.80924183450377e-09 -0.9587458296860848 -0.12829564093832957 -0.25366641791722516 -0.3354031217033104 0.0 0.0 0.0 1.0]
Frame:92, T_inverse:[0.11830390708989663 -0.9929774293379635 -1.4391688975046433e-07 -5.4411324722261335e-08 -0.22842700489245724 -0.027215059442676874 0.9731805697993984 -5.6817113689250235e-08 -0.9663463383583623 -0.11513102577250862 -0.23004250496276865 -0.33540315676977633 0.0 0.0 0.0 1.0]
Frame:93, T_inverse:[0.10552995176371979 -0.9944160217245583 -9.027446377181034e-08 -6.165852840414278e-09 -0.20436341210884928 -0.021687546272001115 0.9786547165660023 -7.08389463798115e-08 -0.9731900277298764 -0.10327728929108915 -0.20551087217737737 -0.33540312932633626 0.0 0.0 0.0 1.0]
Frame:94, T_inverse:[0.09432427331892944 -0.9955414330642305 -2.911741795361378e-07 -6.800638112548678e-08 -0.179365002353504 -0.016994389707803478 0.983635647619937 -9.754348667942207e-08 -0.9792501701757478 -0.09278055763758038 -0.18016818317194555 -0.3354030747697677 0.0 0.0 0.0 1.0]
Frame:95, T_inverse:[0.08469518834017846 -0.9964069024297443 4.69575092354543e-08 6.15223116992563e-08 -0.15356026412450086 -0.013052661592816947 0.9880530627637975 5.967448728962312e-08 -0.9845029013684385 -0.08368334285959811 -0.15411399047893387 -0.3354031875295281 0.0 0.0 0.0 1.0]
Frame:96, T_inverse:[0.07664529019789666 -0.9970584537357333 1.8199309409938352e-08 3.137098511666072e-08 -0.12707716932531768 -0.0097686030233485 0.9918447444908937 6.008612314589059e-09 -0.9889271560868119 -0.07602024765762831 -0.12745208986379472 -0.3354031736159059 0.0 0.0 0.0 1.0]
Frame:97, T_inverse:[0.07017578480304108 -0.9975345363601812 -6.139683490702274e-08 -1.3393075428408188e-08 -0.10004010413447406 -0.007037682943852827 0.9949584006589546 -2.7219130594027245e-08 -0.9925054570245864 -0.06982188355971868 -0.10028724091679458 -0.3354031271619455 0.0 0.0 0.0 1.0]
Frame:98, T_inverse:[0.0652862823823913 -0.9978665243898136 -7.635942656926321e-08 -2.890088603611043e-08 -0.07257127608390207 -0.004748028904539331 0.99735185468947 -2.795504024686203e-08 -0.9952240754954218 -0.06511331324790158 -0.07272635279929475 -0.335403164671985 0.0 0.0 0.0 1.0]
Frame:99, T_inverse:[0.061975267433620244 -0.9980776799096192 2.6660271469216686e-07 2.2693090982168457e-08 -0.04479220043697293 -0.002781099005675858 0.9989924656879566 3.983337017811534e-08 -0.9970721104343052 -0.06191284462130465 -0.04487846491420063 -0.33540317514606527 0.0 0.0 0.0 1.0]
Frame:100, T_inverse:[0.060241138164589376 -0.9981838051660248 4.351721643392356e-08 1.329381162490921e-09 -0.01682336534177098 -0.0010151756392651002 0.9998579031379259 -6.390970148256097e-08 -0.9980419856352309 -0.06023250304469824 -0.016853890148164366 -0.3354031424306312 0.0 0.0 0.0 1.0]
