Frame:1, T_inverse:[1.0371208189805555e-05 -0.9999999998924384 -2.6275981387884304e-11 2.311744715408294e-06 -1.1923619069234138e-07 -6.184479241104786e-13 0.9999999999999858 -7.055026602049943e-08 -0.999999999892424 -1.03711809049613e-05 -1.192092898232925e-07 -0.2999848723171721 0.0 0.0 0.0 1.0]
Frame:2, T_inverse:[-0.017473211014887902 -0.9998473710384816 2.5536791951805023e-07 -7.175530940139291e-06 -9.912174423975009e-08 2.391364474065844e-07 0.9999999999999268 -5.7135720082937045e-08 -0.9998473710385308 0.017473192388380566 -1.2160234855224282e-07 -0.2999848996278689 0.0 0.0 0.0 1.0]
Frame:3, T_inverse:[-0.03492394174552082 -0.9993898767445022 1.771383855738139e-08 -8.418131142705234e-06 -2.1650445200786247e-07 1.2474645206713554e-07 0.9999998807906965 -1.0130233394519368e-07 -0.999389876744479 0.034924042328321324 -1.1779964185805502e-07 -0.2999848313544796 0.0 0.0 0.0 1.0]
Frame:4, T_inverse:[-0.05234000254408096 -0.9986293750431358 1.1266436019741832e-07 -2.414944023117668e-06 -1.1943096195959317e-07 9.18522670340515e-08 0.9999999999999715 -5.365280648180321e-08 -0.9986293750431281 0.052339976467018705 -1.5272614887548578e-07 -0.2999848801899771 0.0 0.0 0.0 1.0]
Frame:5, T_inverse:[-0.06975621605881942 -0.9975640596146027 1.5747182743204718e-07 -1.3165363911719047e-06 -7.248085432195847e-08 1.5122494600173557e-07 0.9999999999999691 -3.2836038300467404e-08 -0.9975640596146197 0.0697562086082131 -9.536904096159426e-08 -0.29998485686588655 0.0 0.0 0.0 1.0]
Frame:6, T_inverse:[-0.08717200310572426 -0.9961931962766698 -2.3764342409268615e-08 -6.375536539689921e-06 -1.37659321349866e-07 3.8018109249160626e-08 0.9999999999999886 -4.93128909535662e-08 -0.996193196276657 0.08717204780920096 -8.627848152783665e-08 -0.29998482505088586 0.0 0.0 0.0 1.0]
Frame:7, T_inverse:[-0.10452027189322291 -0.9945226982157465 3.962101775962031e-09 9.32169018128147e-07 3.962101775962032e-09 3.107719239569767e-08 0.9999999999999999 -3.0126211788399e-08 -0.9945226982157463 0.10452030169554294 3.1077192395697664e-08 -0.2999848929882454 0.0 0.0 0.0 1.0]
Frame:8, T_inverse:[-0.12186928566057062 -0.9925461796400039 2.6212991481391527e-07 -1.386642968299345e-06 1.5042051638431262e-07 2.2862393600761808e-07 0.9999999999999232 1.5961134543686471e-09 -0.9925461796400485 0.1218692633088908 1.0235943942068132e-07 -0.2999848887380153 0.0 0.0 0.0 1.0]
Frame:9, T_inverse:[-0.1391839448818585 -0.9902664544573747 1.2398569097892606e-07 -4.54546681389311e-06 -2.078219993050796e-07 2.288657856803953e-07 0.9999998807906637 -8.49202074788875e-08 -0.9902664544573714 0.13918401938759117 -1.528395621244669e-07 -0.29998478900465997 0.0 0.0 0.0 1.0]
Frame:10, T_inverse:[-0.1563982934023932 -0.9876939028860922 -2.1790857652206565e-08 9.934628894167391e-06 -4.59755156061955e-07 1.9716887995442206e-07 0.9999998807905742 -1.665657993617935e-07 -0.9876939028859426 0.1563984424139075 -3.156025140000075e-07 -0.29998487503091026 0.0 0.0 0.0 1.0]
Frame:11, T_inverse:[-0.1736778597493467 -0.9848025579992358 -7.386234633179517e-08 -9.796300017376786e-06 -2.905902374992921e-07 -3.54259646358909e-08 0.9999999999999115 -1.0931187841996857e-07 -0.9848025579991533 0.17367784484821625 -2.937201077636815e-07 -0.2999849448562598 0.0 0.0 0.0 1.0]
Frame:12, T_inverse:[-0.1908218405558156 -0.9816246416940216 -1.3865738669483483e-07 -4.474794125226912e-06 -2.4589130910322666e-07 -6.323210651381203e-08 0.9999999999999405 -7.129782256968867e-08 -0.9816246416939829 0.19082187035818188 -1.9331898428748699e-07 -0.29998486083342035 0.0 0.0 0.0 1.0]
Frame:13, T_inverse:[-0.20793074703633815 -0.9781435184311406 1.9478505432803452e-07 -6.200776412245489e-06 8.8690847301671e-08 2.0281081944531045e-07 0.9999999999999546 -2.2799276979673982e-08 -0.9781435184311739 0.2079307768386907 7.179277557617198e-08 -0.299984891928088 0.0 0.0 0.0 1.0]
Frame:14, T_inverse:[-0.22494223668721286 -0.9743719479758295 2.8103179058864023e-08 2.5500257354048805e-06 -7.684551455264973e-08 1.7315068306948685e-07 0.9999998807907251 -7.95375292207282e-08 -0.9743719479758376 0.22494237079763277 4.1213295706634865e-08 -0.29998487351740066 0.0 0.0 0.0 1.0]
Frame:15, T_inverse:[-0.24191287459975228 -0.970297944496801 6.55495972099853e-08 2.83096551650871e-06 -1.4203716237871068e-07 1.4238307218477183e-07 0.9999999999999719 -7.290543260841721e-08 -0.9702979444967929 0.24191291930320677 -1.2331333150840913e-07 -0.2999849062168583 0.0 0.0 0.0 1.0]
Frame:16, T_inverse:[-0.25881975945313057 -0.9659256360012531 6.2443080262177485e-09 8.664410384925544e-08 -1.990146062765425e-07 5.5725106132226904e-08 0.9999999999999561 -1.0680028297516184e-07 -0.9659256360012115 0.2588197594531175 -2.1177371245966052e-07 -0.29998488024944076 0.0 0.0 0.0 1.0]
Frame:17, T_inverse:[-0.2756515791536946 -0.9612575057993786 -2.1311231588903018e-07 -4.023991639998217e-06 -3.1456973583917156e-07 -6.71209651688189e-08 0.9999998807906351 -1.0931903742318469e-07 -0.9612575057993293 0.27565163875840815 -2.0176156646153122e-07 -0.29998490071413186 0.0 0.0 0.0 1.0]
Frame:18, T_inverse:[-0.2923585454057001 -0.9563087754166106 7.531609463052452e-08 4.795533049710156e-06 -1.25245015480044e-07 1.0772372632101815e-07 0.9999999999999704 -8.664416176160154e-08 -0.9563087754165983 0.2923585454056731 -1.6331515830321156e-07 -0.29998487440286553 0.0 0.0 0.0 1.0]
Frame:19, T_inverse:[-0.3090563719413387 -0.9510437265242673 4.4367739246401955e-07 -1.1563150625425977e-05 4.731597051654108e-08 4.4397920830552316e-07 0.9999999999997968 -2.8600906261901074e-08 -0.951043726524469 0.30905634213899214 -1.0158926012963023e-07 -0.299984879783391 0.0 0.0 0.0 1.0]
Frame:20, T_inverse:[-0.32555660688737814 -0.9455224356810437 -1.0842882570490054e-07 4.760790817786098e-06 -1.0528810155940655e-08 -1.1855915023429762e-08 0.9999998807907238 -4.421771584264663e-08 -0.9455224356810462 0.3255567260966459 1.253930904483038e-07 -0.2999848960925944 0.0 0.0 0.0 1.0]
Frame:21, T_inverse:[-0.34204505994798806 -0.9396835324005218 -2.5266827847889428e-08 -6.840056744471402e-06 -2.5266827847889428e-08 9.19713297184113e-09 1.0000000000000002 -2.2430555956965216e-08 -0.9396835324005218 0.3420450897503104 9.19713297184113e-09 -0.29998490656700216 0.0 0.0 0.0 1.0]
Frame:22, T_inverse:[-0.358373351398602 -0.9335783137833958 5.409297494803843e-08 -3.8908308047161565e-07 -1.3688412291086325e-07 1.5482811677175685e-07 0.9999999999999721 -7.186154847460071e-08 -0.9335783137833875 0.3583733812008961 -1.230470190417742e-07 -0.29998485975248373 0.0 0.0 0.0 1.0]
Frame:23, T_inverse:[-0.3745935844774956 -0.9271891086103646 1.2756854289195487e-07 5.675697088548909e-06 -6.09791673517977e-08 1.639982753032427e-07 0.99999999999997 -5.147353701151367e-08 -0.9271891086103785 0.3745935844774688 -1.1553096915128539e-07 -0.2999848974314101 0.0 0.0 0.0 1.0]
Frame:24, T_inverse:[-0.39074265508930367 -0.9204996678619587 -1.312658415019104e-07 -2.1145441799583967e-06 -1.3126584150191042e-07 9.390223035709776e-08 0.9999997615814971 -7.099947930313856e-08 -0.9204996678619588 0.3907428339031801 9.390223035709778e-08 -0.29998481152964845 0.0 0.0 0.0 1.0]
Frame:25, T_inverse:[-0.40672898900559007 -0.9135488334940682 -1.1953029171431414e-07 4.158697338738717e-06 -3.949898915252341e-07 5.5774869977895954e-08 0.9999999999998456 -1.2156261897735318e-07 -0.9135488334939161 0.4067289890056167 -3.68391822061251e-07 -0.29998484864049113 0.0 0.0 0.0 1.0]
Frame:26, T_inverse:[-0.4226140090944966 -0.9063094572271759 -4.0237692993218844e-08 3.2414428526988767e-06 -2.2140214035514854e-07 2.4240738526165457e-07 0.9999997615814702 -1.0080751446524739e-07 -0.9063094572271568 0.42261418790834177 -4.1962454044084744e-08 -0.2999848331597525 0.0 0.0 0.0 1.0]
Frame:27, T_inverse:[-0.4383934934119361 -0.8987831268013539 1.0931038132403593e-07 -5.474851860778956e-06 -6.936148631368118e-08 1.7299656537646687e-07 0.9999999999999706 -7.208652531697267e-08 -0.898783126801365 0.4383935232142307 -1.1294611224946763e-07 -0.29998488185774325 0.0 0.0 0.0 1.0]
Frame:28, T_inverse:[-0.45398994436634793 -0.89100675230665 4.4685378090421906e-07 2.404520470445991e-06 9.45069544331329e-08 4.7222640138836456e-07 0.9999999999997795 -8.807875572828813e-08 -0.8910067523068708 0.4539899741686615 -1.0275102622348823e-07 -0.2999848892000007 0.0 0.0 0.0 1.0]
Frame:29, T_inverse:[-0.46948967175268225 -0.882937762027841 -8.145852502777522e-09 -3.875470037202555e-06 -1.818006832564455e-07 1.9500918068664658e-07 0.9999998807907018 -8.749036103890601e-08 -0.8829377620278224 0.46948979096191906 -9.400777016510865e-08 -0.29998483613197335 0.0 0.0 0.0 1.0]
Frame:30, T_inverse:[-0.48481460518664227 -0.8746168032571107 5.526772527252476e-08 5.590778993258739e-07 -3.0296407556759676e-08 1.4875110159911406e-07 0.9999998807907187 -2.6473229727986508e-08 -0.874616803257119 0.4848146945935902 3.4910626298838792e-09 -0.29998484680156284 0.0 0.0 0.0 1.0]
Frame:31, T_inverse:[-0.5000018664753735 -0.8660243478007861 1.5049848395806357e-07 1.752899462276263e-06 1.5049848395806354e-07 8.169693998375544e-08 0.9999999999999707 -1.5960328810610505e-08 -0.8660243478007859 0.5000018664754028 8.16969399837554e-08 -0.2999848999685832 0.0 0.0 0.0 1.0]
Frame:32, T_inverse:[-0.515073263297424 -0.8571461830103844 4.536448165766882e-08 -9.862863557061107e-06 -1.2066231283135653e-07 1.265596853545941e-07 0.9999999999999698 -6.948985036591978e-08 -0.8571461830103702 0.5150732632973974 -1.6690572209118706e-07 -0.29998490807038264 0.0 0.0 0.0 1.0]
Frame:33, T_inverse:[-0.5299208587733901 -0.8480470142635638 -2.4735809788797316e-07 1.9433094834436783e-06 -4.1082338497547667e-07 5.349568736135241e-09 0.9999999999998456 -1.0677502764021112e-07 -0.8480470142634435 0.5299208587734903 -2.8955028839148903e-07 -0.2999848380103791 0.0 0.0 0.0 1.0]
Frame:34, T_inverse:[-0.5446703512733756 -0.8386502387174006 1.215278303896463e-07 -8.640411754360795e-06 -3.9352547792086284e-08 1.6564008369949003e-07 0.9999999999999697 -6.387736557791647e-08 -0.8386502387174154 0.5446703512733492 -1.3067789008784602e-07 -0.29998495001555336 0.0 0.0 0.0 1.0]
Frame:35, T_inverse:[-0.5592114480126273 -0.8290248470052807 -1.115610874062993e-07 -4.02272691990766e-06 -1.907063819292711e-07 8.659634481760275e-08 0.9999998807907079 -9.145062238549995e-08 -0.829024847005259 0.5592115672218978 -6.225835851796703e-08 -0.29998489141401297 0.0 0.0 0.0 1.0]
Frame:36, T_inverse:[-0.5735965171364439 -0.8191379619464406 -1.1589468083457285e-08 -4.46670419973157e-06 -1.1589468083457283e-08 8.115456537185534e-09 1.0000000000000002 -3.912202061793461e-08 -0.8191379619464407 0.5735965171364441 8.115456537185534e-09 -0.29998495693425714 0.0 0.0 0.0 1.0]
Frame:37, T_inverse:[-0.5878077744051702 -0.8090006931484404 2.5503488523626997e-08 -5.4797418996796845e-06 -2.041014818718561e-07 1.5094519453903114e-07 0.999999999999924 -1.1107515102765343e-07 -0.8090006931483832 0.5878077744051197 -2.9969540826891706e-07 -0.29998491907897884 0.0 0.0 0.0 1.0]
Frame:38, T_inverse:[-0.6018290409412185 -0.7986249972240318 1.4701009602680247e-07 -2.517172666807761e-06 -3.4339258466588147e-09 1.4400685833601653e-07 1.0000000596046177 -5.6213110907995765e-08 -0.7986249972240523 0.6018290409411952 -1.5774377799391656e-07 -0.29998491899326307 0.0 0.0 0.0 1.0]
Frame:39, T_inverse:[-0.6156934266455442 -0.7879856192720963 -2.345660772777601e-07 -9.35655512754241e-06 -3.0846682184312227e-07 4.7542595630089715e-08 0.9999998807906606 -1.163214711724913e-07 -0.787985619272053 0.6156934862502424 -1.0398423055707089e-07 -0.2999848489746757 0.0 0.0 0.0 1.0]
Frame:40, T_inverse:[-0.6293411228501641 -0.7771291700211528 1.820298276557827e-07 -5.331936479868755e-06 3.6876399415599624e-08 2.1038070309802775e-07 0.9999999999999563 -5.425253009342048e-08 -0.7771291700211946 0.629341122850151 -9.395023551730626e-08 -0.299984909742595 0.0 0.0 0.0 1.0]
Frame:41, T_inverse:[-0.6427994569598389 -0.7660344366093528 8.897520880154193e-08 -2.1773530986395857e-06 -5.351864151933532e-08 1.877811565559076e-07 0.9999999999999711 -8.234865859186731e-08 -0.7660344366093632 0.642799516564453 -1.1780409036665025e-07 -0.2999849025415727 0.0 0.0 0.0 1.0]
Frame:42, T_inverse:[-0.6560642999140847 -0.7547051126061085 1.0408625690581075e-07 3.5626436942955456e-07 -3.573680597780736e-08 1.2370020331317653e-07 1.0000000596046212 -2.7710913414314746e-08 -0.7547051126061146 0.6560642403094056 -1.8311629822182443e-07 -0.299984913054716 0.0 0.0 0.0 1.0]
Frame:43, T_inverse:[-0.669166873754324 -0.7431120926451703 2.0084782093597861e-07 -1.2353992910277916e-05 -4.852890489297681e-09 2.982163665927599e-07 0.9999999999999227 -9.468915866507903e-08 -0.7431120926452296 0.6691669333589148 -1.6382540608939834e-07 -0.29998491297221874 0.0 0.0 0.0 1.0]
Frame:44, T_inverse:[-0.6820442542474503 -0.7313104465857126 -3.282503435632222e-07 -1.6564629371124226e-05 -3.954695003844586e-07 9.767007901553013e-08 0.9999998807906393 -1.309855003918926e-07 -0.7313104465856579 0.6820444330614115 -5.693678059808012e-08 -0.2999848365394045 0.0 0.0 0.0 1.0]
Frame:45, T_inverse:[-0.6946624567525946 -0.7193358592399195 1.483943075120051e-07 6.032911610854832e-07 1.4839430751200513e-07 7.243035188063065e-08 0.9999999999999728 -2.305287238660439e-08 -0.7193358592399196 0.694662456752622 7.243035188063064e-08 -0.29998493021915096 0.0 0.0 0.0 1.0]
Frame:46, T_inverse:[-0.7071085516189953 -0.7071046773184433 -3.8810358051204415e-08 1.485717454004975e-06 -2.323564620620998e-07 3.141482705684101e-07 0.9999998807906677 -1.6750839961928073e-07 -0.7071046773183955 0.707108730432829 -1.5311527034860195e-07 -0.29998489246803534 0.0 0.0 0.0 1.0]
Frame:47, T_inverse:[-0.7193484677828336 -0.6946494917587468 -2.5204046387291495e-08 -1.5804556553632286e-06 -1.515100172473847e-07 7.904352190690548e-08 1.000000059604609 -4.0906839415001604e-08 -0.6946494917587094 0.7193484677828188 -2.3358031669436911e-07 -0.2999849004879309 0.0 0.0 0.0 1.0]
Frame:48, T_inverse:[-0.7313478346387953 -0.6820047787069313 2.0471863437521542e-07 4.630285273098616e-06 8.114229328700979e-08 1.7607980814633502e-07 1.0000000596046015 -3.971879308460039e-08 -0.6820047787069785 0.7313477750341353 -1.3763301423449673e-07 -0.29998490784927223 0.0 0.0 0.0 1.0]
Frame:49, T_inverse:[-0.743147387618324 -0.6691277753003905 2.407593755182573e-07 8.659426986267262e-07 2.407593755182573e-07 8.543258907869001e-08 0.9999999999999347 -1.9284988007065098e-08 -0.6691277753003906 0.7431473876183895 8.543258907869001e-08 -0.29998496775729616 0.0 0.0 0.0 1.0]
Frame:50, T_inverse:[-0.7547077200860612 -0.6560611951151119 -3.42345188182544e-11 2.829113485572895e-06 -5.9075011455528156e-08 5.2780127115721394e-08 0.9999999999999918 -6.793469785625595e-08 -0.6560611951151055 0.7547077200860555 -1.0513091381980337e-07 -0.29998494777221063 0.0 0.0 0.0 1.0]
Frame:51, T_inverse:[-0.7660367232590152 -0.6427963140310818 -3.37063874009916e-07 5.385092379269811e-06 -2.2174150375979456e-07 -1.0270966979010126e-07 0.9999998807906588 -3.583672785243924e-08 -0.642796314031164 0.7660369020729129 2.1413026409005308e-07 -0.2999848214198951 0.0 0.0 0.0 1.0]
Frame:52, T_inverse:[-0.7771484762470894 -0.6293172763936721 1.0697207113248485e-07 6.750580705671591e-07 -5.578552027219761e-09 1.9100821020147582e-07 0.9999999999999684 -6.982257223174443e-08 -0.6293172763936917 0.7771484762470645 -1.268269597340893e-07 -0.2999848886692959 0.0 0.0 0.0 1.0]
Frame:53, T_inverse:[-0.7879908779934601 -0.6156867018812017 -9.88862466053451e-08 1.14247548006737e-05 -9.88862466053451e-08 2.9472571834615723e-08 0.9999998807907213 -4.580730686039407e-08 -0.6156867018812017 0.7879909375981027 2.9472571834615726e-08 -0.29998484813575116 0.0 0.0 0.0 1.0]
Frame:54, T_inverse:[-0.7986331171625544 -0.6018182179123602 2.1655943951265066e-07 2.8125341058877398e-06 1.6306554992480737e-07 1.26910603909983e-07 0.9999999999999553 -4.0017761831038114e-08 -0.6018182179123931 0.7986331171625853 -3.2964700529152316e-08 -0.29998496902044564 0.0 0.0 0.0 1.0]
Frame:55, T_inverse:[-0.8090317419058665 -0.5877650340450485 -1.7681000380624457e-07 -5.950483057495214e-06 -2.2890437508199727e-07 -1.5695095785648648e-08 1.0000000596045924 -7.080199613729865e-08 -0.5877650340450111 0.8090317419059097 -1.7603190878408043e-07 -0.299984913621251 0.0 0.0 0.0 1.0]
Frame:56, T_inverse:[-0.8191420293003752 -0.5735907871933513 7.51112138001903e-08 6.773049046538259e-06 -2.6282014295457623e-08 1.6095681758159106e-07 0.9999999999999711 -6.304371347343502e-08 -0.5735907871933592 0.8191420293003473 -1.6061161440682734e-07 -0.2999849356064846 0.0 0.0 0.0 1.0]
Frame:57, T_inverse:[-0.8290554272046873 -0.5591664305499723 2.596209189482278e-07 -8.289788981956812e-06 1.1175809082082798e-07 2.908833369358994e-07 0.9999999999998993 -9.298402231079418e-08 -0.5591664305500693 0.8290554272046602 -1.9278181175322592e-07 -0.299984932222198 0.0 0.0 0.0 1.0]
Frame:58, T_inverse:[-0.8386891133059755 -0.5446106145444509 -3.8570412679921764e-08 -8.92953327108773e-06 -3.8570412679921784e-08 -5.190602768644303e-08 1.000000059604647 -4.576840893668813e-08 -0.544610614544451 0.8386890537013288 -5.190602768644304e-08 -0.2999849682029563 0.0 0.0 0.0 1.0]
Frame:59, T_inverse:[-0.8480511698819805 -0.5299140757659988 1.6443811959965868e-07 -5.923848005789655e-07 1.644381195996587e-07 1.1911159247421364e-07 0.9999998807906929 -8.54397734947272e-09 -0.5299140757659989 0.8480512294866526 1.1911159247421364e-07 -0.2999848513982583 0.0 0.0 0.0 1.0]
Frame:60, T_inverse:[-0.8571753890106522 -0.5150245899258221 1.7474932730118225e-07 -3.5824539583885887e-06 1.7474932730118223e-07 6.402124795447677e-08 0.999999999999966 -2.458780657260246e-08 -0.5150245899258221 0.8571753890106869 6.402124795447677e-08 -0.2999849005695962 0.0 0.0 0.0 1.0]
Frame:61, T_inverse:[-0.866030877081656 -0.4999905258714388 -4.3690373552881856e-08 -2.1280101685952023e-06 -8.732311579225289e-08 7.275077546214126e-08 0.9999999999999887 -5.769001427875035e-08 -0.4999905258714277 0.8660308770816535 -9.009238423654651e-08 -0.2999848757369853 0.0 0.0 0.0 1.0]
Frame:62, T_inverse:[-0.8746176929004915 -0.4848130562500932 -2.905738131339921e-07 2.257072213372283e-06 -2.0615133107919879e-07 -1.78071767765015e-07 0.9999999999999143 -4.76881219388098e-08 -0.4848130562501756 0.8746177525051614 1.483630403062819e-07 -0.29998494181227137 0.0 0.0 0.0 1.0]
Frame:63, T_inverse:[-0.8829424942693946 -0.46948129132833305 -1.6561039347230886e-07 4.283265536084929e-06 -3.287539250804167e-07 2.2583648946096508e-07 1.0000000596044663 -1.6543188406892106e-07 -0.4694812913281547 0.8829424942693523 -4.28481198725982e-07 -0.29998492994182896 0.0 0.0 0.0 1.0]
Frame:64, T_inverse:[-0.8910126343239227 -0.45397867118946067 -1.5195646477989683e-07 -2.913181238985293e-06 -1.519564647798969e-07 -6.285419749655271e-08 0.9999999999999742 -1.1803663906233467e-08 -0.4539786711894607 0.8910125747192991 -6.285419749655271e-08 -0.2999849276785506 0.0 0.0 0.0 1.0]
Frame:65, T_inverse:[-0.898792683824378 -0.4383738643042133 1.5153411948847253e-08 1.9105008786872298e-06 -6.069491114824527e-08 1.6411333285050517e-07 0.9999999999999711 -8.405526596779166e-08 -0.4383738643042059 0.8987926838243504 -1.6441956100390097e-07 -0.29998494279893345 0.0 0.0 0.0 1.0]
Frame:66, T_inverse:[-0.9063038221724923 -0.4226263241944918 -1.409594571359262e-07 3.5794084821608673e-06 -1.4095945713592624e-07 5.887648132957866e-08 0.9999998807907167 -7.215872708564326e-08 -0.42262632419449175 0.9063039413817738 5.887648132957867e-08 -0.2999849341745636 0.0 0.0 0.0 1.0]
Frame:67, T_inverse:[-0.9135429042104656 -0.40674226818522813 -1.3478181013326824e-07 2.7896462602696174e-06 -1.698336130452239e-07 6.97883102500742e-08 0.9999999999999704 -8.898318909313639e-08 -0.4067422681852026 0.9135429042104818 -9.511493647402476e-08 -0.29998489978696713 0.0 0.0 0.0 1.0]
Frame:68, T_inverse:[-0.9205071457674787 -0.39072559275652885 -5.240847997185173e-08 -1.0502570912907437e-06 -8.601890376833235e-08 8.710740275964934e-08 0.9999999999999888 -4.349916173725023e-08 -0.3907255927565175 0.9205072053721183 -7.809565331987341e-08 -0.29998487942910984 0.0 0.0 0.0 1.0]
Frame:69, T_inverse:[-0.9271871635001426 -0.37459785383779826 6.858026817027679e-08 -2.128000463027367e-06 -2.7921363223776674e-08 3.6358434311281913e-07 0.999999880790671 -1.1363101449377586e-07 -0.37459785383781946 0.9271872827093462 -1.3288594604907913e-07 -0.29998483981533847 0.0 0.0 0.0 1.0]
Frame:70, T_inverse:[-0.9335785235814826 -0.35837226541389133 -4.077910697711753e-08 1.9319452725412147e-06 -4.077910697711753e-08 1.0623172332252759e-07 0.9999998807907367 -4.8027622869687654e-08 -0.35837226541389133 0.9335786427907435 1.0623172332252759e-07 -0.2999848165727988 0.0 0.0 0.0 1.0]
Frame:71, T_inverse:[-0.9396932142468837 -0.34201851550406676 5.3519118344627864e-08 -1.4330959479077724e-07 -5.0303813309956216e-09 1.6009378791504207e-07 0.9999999999999711 -1.0215109767602284e-07 -0.34201851550407447 0.9396932142468561 -1.7195860683485334e-07 -0.2999849368153935 0.0 0.0 0.0 1.0]
Frame:72, T_inverse:[-0.9455231290507047 -0.3255541535988635 -1.0009902879978743e-07 -4.15743886633457e-06 -1.835701654529444e-07 3.4213438119852516e-07 0.9999998807906584 -1.4278899164780973e-07 -0.32555415359880047 0.9455232482599123 -1.5669208757834074e-07 -0.29998490898916574 0.0 0.0 0.0 1.0]
Frame:73, T_inverse:[-0.9510550483369177 -0.3090216110005819 -1.7617892191597985e-07 1.5804334059859539e-06 -1.7617892191597988e-07 -3.0298449246531155e-08 0.999999999999968 -3.009255896835606e-08 -0.30902161100058195 0.9510550483369499 -3.029844924653116e-08 -0.29998497787882095 0.0 0.0 0.0 1.0]
Frame:74, T_inverse:[-0.9563097639288516 -0.29235517017180096 5.09195350970152e-08 -5.333515338041468e-06 2.600217373088075e-08 1.0014019196876565e-07 0.9999999999999915 -6.499322457012255e-08 -0.29235517017180773 0.9563098235334889 -6.659563409797305e-08 -0.29998493914512847 0.0 0.0 0.0 1.0]
Frame:75, T_inverse:[-0.9612659015540705 -0.27562243442984014 4.611930847601096e-08 -4.958874306685765e-06 2.2657771783595103e-08 1.1496648533614163e-07 0.999999999999992 -8.704383292464586e-08 -0.2756224344298466 0.9612659611587054 -5.1980409633695094e-08 -0.29998492194757537 0.0 0.0 0.0 1.0]
Frame:76, T_inverse:[-0.9659184602668195 -0.2588462613363141 8.762566473035091e-08 8.020222062343461e-06 6.561823877502406e-08 1.2051257216056118e-07 0.9999999999999871 -4.908192053348194e-08 -0.2588462613363277 0.9659185198714595 -4.663222349954266e-08 -0.2999849106336983 0.0 0.0 0.0 1.0]
Frame:77, T_inverse:[-0.9703002748686979 -0.24190381605542635 -1.8398257886205484e-08 -6.16447376315073e-06 -8.00304916439053e-08 2.3223606981753717e-07 0.9999999999999336 -9.795404553728287e-08 -0.2419038160554005 0.9703002748686367 -2.697568499350283e-07 -0.29998496328907986 0.0 0.0 0.0 1.0]
Frame:78, T_inverse:[-0.9743747315667763 -0.22493062000391154 -1.4151679053062637e-07 -7.0805032181069665e-06 -1.6059967282047875e-07 8.651470599799319e-08 0.9999999999999708 -6.424925377721735e-08 -0.2249306200038863 0.9743747911714344 -8.098918651303814e-08 -0.2999849161453967 0.0 0.0 0.0 1.0]
Frame:79, T_inverse:[-0.9781460439010743 -0.2079192286691207 -1.246036727299793e-07 1.2703616070247983e-06 -1.5984933113837247e-07 1.3117107143925805e-07 0.9999999999999508 -8.493768897999197e-08 -0.20791922866907173 0.9781460439010675 -2.0415651270250474e-07 -0.2999849346201936 0.0 0.0 0.0 1.0]
Frame:80, T_inverse:[-0.9816270695401149 -0.1908083800689119 1.986323055639941e-07 -1.421796593274634e-06 1.986323055639941e-07 1.3243294726295542e-07 0.9999998807906929 -8.034431748389208e-08 -0.19080838006891188 0.9816271887494208 1.3243294726295545e-07 -0.299984883789333 0.0 0.0 0.0 1.0]
Frame:81, T_inverse:[-0.9848052835606286 -0.17366165758999336 2.222922473667631e-07 2.665300392877305e-06 1.929032215456551e-07 2.2977366645094966e-07 0.9999999999999284 -7.585863468943524e-08 -0.17366165759006488 0.9848053431652845 -1.0611786383539345e-07 -0.2999849194351255 0.0 0.0 0.0 1.0]
Frame:82, T_inverse:[-0.987686097950606 -0.15644747717866223 7.644270044706414e-08 2.1969569236551194e-06 7.644270044706414e-08 8.810934858363825e-08 0.9999998807907244 -4.415201499820464e-08 -0.15644747717866223 0.9876862171598804 8.810934858363825e-08 -0.2999848909476468 0.0 0.0 0.0 1.0]
Frame:83, T_inverse:[-0.9902596026678421 -0.13923294865786945 8.120641897572074e-08 1.6095964219127547e-05 5.767613125225752e-08 2.027390492602411e-07 0.9999999999999674 -7.126460985045812e-08 -0.13923294865789365 0.9902596026678196 -1.3361367435504546e-07 -0.29998486804849933 0.0 0.0 0.0 1.0]
Frame:84, T_inverse:[-0.9925444884450624 -0.1218827090045694 -2.755173805459843e-07 1.8150768548518889e-06 -2.9610367113233306e-07 1.6596901783997166e-07 0.9999999999998904 -1.2526840490426502e-07 -0.12188270900447316 0.9925444884451157 -1.7057672832979646e-07 -0.299984962193737 0.0 0.0 0.0 1.0]
Frame:85, T_inverse:[-0.9945214656561682 -0.10453296613588625 -2.519194780736502e-07 -1.1332507215332463e-06 -2.607430565888474e-07 5.673507016493622e-08 0.9999999999999268 -8.031129567808378e-08 -0.10453296613584286 0.9945214656562275 -1.1162126532276002e-07 -0.29998495606691333 0.0 0.0 0.0 1.0]
Frame:86, T_inverse:[-0.9961921142836255 -0.08718194286798107 3.1047859972275507e-09 5.089781847184143e-06 -1.1607001135674273e-08 3.0756026745208223e-07 0.9999998807907157 -1.4338337025120612e-07 -0.08718194286798168 0.9961922930974787 -2.9293355330431682e-08 -0.2999848896318108 0.0 0.0 0.0 1.0]
Frame:87, T_inverse:[-0.9975636861687418 -0.06976229551231072 2.4077592298130423e-08 -1.3159352209451734e-06 1.2309378219805713e-08 1.3474556195149117e-07 1.0000000596046208 -7.355163349605475e-08 -0.06976229551231644 0.9975636861687148 -2.0222382280361392e-07 -0.2999849154709275 0.0 0.0 0.0 1.0]
Frame:88, T_inverse:[-0.9986256839184929 -0.052410977011189026 -8.000787006957648e-08 1.9204338772219127e-05 -8.88467372048572e-08 1.1917446601125796e-07 1.0000000596046148 -5.3718459385220264e-08 -0.05241097701116013 0.9986256243138228 -2.1788446919665344e-07 -0.2999848702282712 0.0 0.0 0.0 1.0]
Frame:89, T_inverse:[-0.9993897424679491 -0.0349242052739859 8.166824556334363e-08 3.826647437928001e-06 7.872390577589033e-08 2.0264180790073752e-07 0.9999998807907244 -8.45840827061398e-08 -0.034924205273999774 0.9993898616772133 3.408015083359151e-08 -0.29998487252287465 0.0 0.0 0.0 1.0]
Frame:90, T_inverse:[-0.9998473932738995 -0.017470859703535985 -3.5238954205528376e-08 1.6841968989140376e-06 -3.965717284141874e-08 2.4753365276589403e-07 0.9999999999999347 -7.304740316019112e-08 -0.017470859703517017 0.9998473932738369 -2.582092468913052e-07 -0.29998488829372233 0.0 0.0 0.0 1.0]
Frame:91, T_inverse:[-0.9999997589001404 -5.178162562793575e-05 1.9633578083969536e-08 1.1421991113499724e-05 1.9633578083969533e-08 1.3502966958754785e-07 0.9999998807907424 -9.287027592178002e-08 -5.178162562793574e-05 0.9999998781094055 1.3502966958754785e-07 -0.2999848955933775 0.0 0.0 0.0 1.0]
Frame:92, T_inverse:[-0.9998480753178 0.01743595895699542 1.9509629333967648e-07 5.624407304845097e-07 1.9803588171815123e-07 1.1010075851624569e-07 1.0000000596045842 -5.140857615220801e-08 0.01743595895692897 0.9998480157131612 -2.2706123713995953e-07 -0.29998495734661773 0.0 0.0 0.0 1.0]
Frame:93, T_inverse:[-0.9993911864510099 0.03488903451816864 -2.1451781835582506e-07 -1.553115119746449e-06 -2.1157644838837456e-07 9.627645693270711e-08 0.9999999999999475 -3.366424270310228e-08 0.03488903451820458 0.9993911864510485 -7.228527566114357e-08 -0.29998494011619925 0.0 0.0 0.0 1.0]
Frame:94, T_inverse:[-0.9986328149178119 0.05227415028581796 -1.3234136949192997e-08 1.3673675923048348e-05 -8.826248875165825e-09 7.504422660739176e-08 0.999999999999993 -8.42647870405461e-08 0.052274150285819776 0.9986327553131586 -9.348552962623272e-08 -0.29998496455737955 0.0 0.0 0.0 1.0]
Frame:95, T_inverse:[-0.9975683857641098 0.06969371139344174 5.317913551505736e-08 1.37211099220329e-05 5.905744949448451e-08 9.42539263965025e-08 0.9999999999999899 -3.866352839516689e-08 0.06969371139343238 0.997568445368748 -7.423095626190564e-08 -0.2999849276995439 0.0 0.0 0.0 1.0]
Frame:96, T_inverse:[-0.996198528318113 0.08711260051354097 -1.6279587926250346e-07 7.63412303372908e-06 -1.4809581581333276e-07 1.429675516179028e-07 1.000000059604597 -7.258153619635528e-08 0.08711260051359296 0.9961985283181093 -1.9388667299709777e-07 -0.2999849736057918 0.0 0.0 0.0 1.0]
Frame:97, T_inverse:[-0.9945179029243988 0.10456492157095933 1.4041739699020477e-08 -1.6675380859765443e-05 3.169427407571945e-08 2.349105731857561e-07 0.9999998807907003 -1.2514158268371228e-07 0.1045649215709528 0.9945180221336409 -1.0180175576166856e-07 -0.2999849415597627 0.0 0.0 0.0 1.0]
Frame:98, T_inverse:[-0.9925446826828437 0.12188119098014846 1.2179362514971633e-07 -9.584507802694691e-06 1.3208664081143628e-07 8.240603942673341e-08 0.9999999999999769 -5.9025304418801106e-08 0.12188119098012709 0.9925446826828527 -8.586684218198355e-08 -0.29998494495561717 0.0 0.0 0.0 1.0]
Frame:99, T_inverse:[-0.9902645472874574 0.13919798365403246 -2.83027905273346e-07 -1.372862505932377e-05 -2.712657370730314e-07 1.1349800689078474e-07 0.9999999999999154 -4.416050693015026e-08 0.13919798365407943 0.9902645472875277 -5.4678566729519524e-08 -0.2999848944879524 0.0 0.0 0.0 1.0]
Frame:100, T_inverse:[-0.987691481031083 0.1564129705382858 8.882190356996145e-08 -6.698155497018129e-11 1.2849805616450013e-07 3.6741537536790897e-07 0.999999880790666 -1.8049359337323732e-07 0.15641297053823558 0.9876916002402856 -1.3678804910846658e-07 -0.299984943311085 0.0 0.0 0.0 1.0]
Frame:101, T_inverse:[-0.9848055744166176 0.1736598129729437 -3.338822838203856e-08 -1.0274315486058802e-05 -3.3388228382038555e-08 5.243310304777716e-08 1.000000000000001 -3.173806665774813e-08 0.1736598129729437 0.984805634021255 5.243310304777716e-08 -0.29998492131672894 0.0 0.0 0.0 1.0]
Frame:102, T_inverse:[-0.9816275930096636 0.19080707284079917 -2.402264394288305e-07 -6.334216466018437e-06 -2.0790999181447317e-07 1.6938749387389516e-07 0.9999999999999223 -7.79849192789019e-08 0.19080707284087442 0.9816275930096855 -1.6623504756390183e-07 -0.2999849488425854 0.0 0.0 0.0 1.0]
Frame:103, T_inverse:[-0.9781600613503953 0.2078527187870076 -1.820472357144636e-07 1.0899543915123446e-05 -1.996643662247403e-07 -2.4107657478068932e-08 0.999999999999956 -2.0742980247682866e-08 0.20785271878697453 0.978160120955068 1.4355672902421624e-07 -0.29998490682012324 0.0 0.0 0.0 1.0]
Frame:104, T_inverse:[-0.9743748294729762 0.2249297393428521 -3.310166497653067e-08 -8.311069307160214e-07 -5.2184463628373144e-08 1.0782527320557817e-08 0.9999998807907227 -5.2955315751194436e-08 0.22492973934284313 0.9743748890776098 1.7828639401054798e-07 -0.2999849249521653 0.0 0.0 0.0 1.0]
Frame:105, T_inverse:[-0.9702997445504413 0.2419058292801345 8.143359161593409e-08 -2.736258881243017e-06 1.2252208452339683e-07 1.4404596120285728e-07 0.9999999999999608 -9.226894123412675e-08 0.2419058292800994 0.9702997445504239 -1.9061592132826986e-07 -0.2999848881250641 0.0 0.0 0.0 1.0]
Frame:106, T_inverse:[-0.9659371442354332 0.25877681552210546 -2.421784223003762e-07 5.080497507506818e-06 -1.981756004395743e-07 1.9304216085980108e-07 0.9999999999999225 -8.845508056441558e-08 0.25877681552218024 0.9659371442354537 -1.4124901598150824e-07 -0.29998492862382303 0.0 0.0 0.0 1.0]
Frame:107, T_inverse:[-0.9612773667899231 0.27558270128466344 -1.1807405196759324e-07 8.829187989100123e-06 -4.7699788366264037e-08 2.6419687210951414e-07 0.999999999999929 -1.4286751740135846e-07 0.27558270128470586 0.9612773667898663 -2.3664528849312678e-07 -0.29998495877942283 0.0 0.0 0.0 1.0]
Frame:108, T_inverse:[-0.9563118377567551 0.29234856850712077 -1.3276362236463743e-07 -1.2757683873734737e-06 -1.576804083436847e-07 -5.936789275883641e-08 0.9999999999999711 -1.9669031836902798e-09 0.292348568507096 0.9563118377567698 1.0736801741754605e-07 -0.29998493183648944 0.0 0.0 0.0 1.0]
Frame:109, T_inverse:[-0.9510571880613851 0.30901491394993563 -5.57439124270271e-08 -8.0813010222175e-06 -2.9371218531380212e-08 8.698803067886964e-08 0.9999999999999911 -5.099981328306097e-08 0.30901491394994285 0.9510571880613798 -7.952380141753449e-08 -0.29998489625292263 0.0 0.0 0.0 1.0]
Frame:110, T_inverse:[-0.945523222132001 0.32555487502720915 3.895755262296037e-08 -4.730115724994689e-06 1.502526580006797e-07 2.8810111156750985e-07 0.9999999999998769 -1.6826090654379235e-07 0.3255548750271412 0.9455231625272486 -3.770009470921297e-07 -0.2999849567081687 0.0 0.0 0.0 1.0]
Frame:111, T_inverse:[-0.9396961992116769 0.3420103215878637 5.0673110274596e-08 -6.125519165253906e-06 1.0922116061510263e-07 1.4296519794636557e-07 0.9999999999999648 -8.787484914882908e-08 0.34201032158783584 0.9396961992116554 -1.890874540571418e-07 -0.2999849070233026 0.0 0.0 0.0 1.0]
Frame:112, T_inverse:[-0.9336036098785259 0.3583074973765214 -2.9708583254196216e-08 9.963262591075653e-06 1.0086615310198904e-09 1.0332182547071607e-07 0.9999999999999929 -7.73749041212003e-08 0.3583074973765244 0.9336036098785193 -6.244355016150409e-08 -0.29998489416204654 0.0 0.0 0.0 1.0]
Frame:113, T_inverse:[-0.927200561293263 0.37456516225615977 -9.590879071176514e-08 3.631180250167959e-06 3.274839023151131e-08 3.63262776209229e-07 0.9999999999998856 -1.3424550512368325e-07 0.3745651622561848 0.9272005612931514 -2.9869996143321554e-07 -0.29998481721311876 0.0 0.0 0.0 1.0]
Frame:114, T_inverse:[-0.9205117698648065 0.390714734072895 -1.0866712488705994e-07 -4.746444719924231e-06 -7.505767005582969e-08 1.3044114117926635e-07 0.9999999999999838 -5.352308743845317e-08 0.39071473407291185 0.9205117698648101 -3.476210402609875e-08 -0.2999848213464682 0.0 0.0 0.0 1.0]
Frame:115, T_inverse:[-0.9135722523712665 0.40667592159176974 -1.5038753748195854e-07 9.602854120047366e-06 -4.525010451021483e-08 3.824196219407117e-07 0.9999998807906579 -1.4998102225605287e-07 0.40667592159183236 0.913572371580481 -1.1229385642632229e-07 -0.2999849169643818 0.0 0.0 0.0 1.0]
Frame:116, T_inverse:[-0.9063270760120151 0.42257696726150046 1.440812143156621e-07 3.039369312769913e-06 1.8056644689955432e-07 4.0946009837444125e-08 0.9999999999999649 -6.833844365419566e-08 0.42257696726147215 0.9063270164073909 -1.236460159780714e-07 -0.2999848772025245 0.0 0.0 0.0 1.0]
Frame:117, T_inverse:[-0.8988166514109396 0.4383245163117088 -2.1963208849751792e-07 4.602869149500827e-06 -1.817124408523692e-07 1.8593854024956913e-07 0.999999999999948 -7.87472464087741e-08 0.4383245163117458 0.8988167110156167 2.167105098704828e-08 -0.2999848569956386 0.0 0.0 0.0 1.0]
Frame:118, T_inverse:[-0.8910340901077252 0.4539363497981726 -1.1216954968224165e-07 7.071387538176537e-06 -3.346761944481155e-08 2.0156003053729737e-07 0.9999999999999657 -6.887058593311599e-08 0.4539363497981994 0.8910340901077035 -1.2630097899849362e-07 -0.29998486556166853 0.0 0.0 0.0 1.0]
Frame:119, T_inverse:[-0.8829756562382348 0.4694185297819031 -1.0914709746344652e-07 6.517768124456852e-06 -1.499271604529461e-07 2.302579003299443e-08 0.9999998807906998 -1.618224084921165e-08 0.4694185297818777 0.8829757158428895 1.8660662019312978e-07 -0.29998491488164963 0.0 0.0 0.0 1.0]
Frame:120, T_inverse:[-0.8746419214252449 0.48476962703380233 -2.3143050585753947e-07 2.0566604342363044e-06 -1.0480896805960765e-07 2.781917680307843e-07 0.9999999999999067 -1.2336693980507206e-07 0.4847696270338889 0.8746418618205637 -2.1146358903865163e-07 -0.2999849344307044 0.0 0.0 0.0 1.0]
Frame:121, T_inverse:[-0.8660409601654501 0.499973003212489 -2.3948949979182664e-07 -2.503391760526121e-06 -2.8312057669836314e-07 -4.777716243065244e-09 0.9999999999999187 2.1581803091063124e-08 0.49997300321244303 0.8660409601655169 1.5806587938222628e-07 -0.29998488626896014 0.0 0.0 0.0 1.0]
Frame:122, T_inverse:[-0.8571867263100618 0.5150056669032238 -1.930275514334417e-07 -8.834143777267898e-07 -1.930275514334417e-07 7.302895458522174e-08 0.999999999999958 -1.638121340878303e-08 0.5150056669032237 0.8571867263101043 7.302895458522175e-08 -0.29998490856817944 0.0 0.0 0.0 1.0]
Frame:123, T_inverse:[-0.8480684179277294 0.5298862022204515 4.7706945354476814e-08 -7.292204880525063e-07 1.4063860096482338e-07 2.7454917204309115e-07 0.9999998807907106 -1.3044221411756005e-07 0.5298862022204314 0.8480685967415819 -4.9565801434874035e-08 -0.29998486229568844 0.0 0.0 0.0 1.0]
Frame:124, T_inverse:[-0.8386861272272508 0.5446149649809503 -3.0657010490433354e-07 -4.105919079826744e-06 -6.71746553783958e-08 4.873465712284865e-07 0.9999999999997821 -1.7451098097343462e-07 0.5446149649811212 0.8386861272271152 -3.208814107310898e-07 -0.29998493220060796 0.0 0.0 0.0 1.0]
Frame:125, T_inverse:[-0.829071857443858 0.5591419385253208 -7.748485341101809e-09 5.378824311255927e-06 -7.748485341101797e-09 6.059562590118059e-08 1.0000000000000024 -7.346685180607754e-08 0.5591419385253208 0.8290719170485008 6.059562590118057e-08 -0.29998495691494304 0.0 0.0 0.0 1.0]
Frame:126, T_inverse:[-0.8191779953970394 0.573539383404266 -1.3444184009307774e-09 3.4860089836998003e-07 -1.3444184009307772e-09 -1.9202133323651642e-09 1.0 -4.2917589691993994e-08 0.573539383404266 0.8191779953970393 -1.9202133323651642e-09 -0.2999849059386354 0.0 0.0 0.0 1.0]
Frame:127, T_inverse:[-0.8090325617157184 0.5877635984887508 -1.9259188245035744e-08 -5.585744461004701e-06 8.492926514745917e-08 2.055329181367293e-07 0.9999999999999741 -1.2506132487621828e-07 0.587763598488745 0.8090326213203247 -1.1514073564145189e-07 -0.29998490190391974 0.0 0.0 0.0 1.0]
Frame:128, T_inverse:[-0.7986573690683922 0.6017860259894461 -2.83743867975828e-07 -2.860090283459408e-06 -2.302532118651837e-07 1.705773116432338e-07 0.9999999999999185 -4.4266350582126946e-08 0.6017860259894919 0.7986573690684595 1.0700928004256206e-08 -0.29998490763604185 0.0 0.0 0.0 1.0]
Frame:129, T_inverse:[-0.7880017586094404 0.6156726867075148 -2.3058359496399528e-07 -1.8387358941971674e-05 -6.59201535374831e-08 4.0535232010725286e-07 0.9999998807906347 -1.3633325333051196e-07 0.6156726867076132 0.7880018182140516 -7.285394588425136e-08 -0.29998489630298864 0.0 0.0 0.0 1.0]
Frame:130, T_inverse:[-0.7771729965001494 0.6292868595209434 -9.691102763835904e-08 -1.5056839412675704e-06 -4.0638824862395896e-08 1.523579650152246e-07 0.9999999999999869 -9.954816428813886e-08 0.6292868595209583 0.777173056104789 -6.560717475014501e-09 -0.29998491452290277 0.0 0.0 0.0 1.0]
Frame:131, T_inverse:[-0.7660568126716512 0.6427727840806718 -1.417603864678374e-07 -8.805120915738998e-06 -1.4176038646783746e-07 7.751473488998043e-08 0.9999999999999749 -2.1898400589580896e-08 0.642772784080672 0.7660568126716771 7.751473488998045e-08 -0.2999848817832903 0.0 0.0 0.0 1.0]
Frame:132, T_inverse:[-0.7547266256264564 0.6560393970545608 -2.6739651798759615e-07 -7.029128903902647e-06 -2.0835801366257695e-07 1.6635239873689836e-07 0.9999999999999285 -2.5964788791996554e-08 0.6560393970546036 0.7547266256265134 8.440520023715015e-09 -0.2999849184160878 0.0 0.0 0.0 1.0]
Frame:133, T_inverse:[-0.7431676755661729 0.6691052648832578 -3.3546857635287336e-08 -4.891394370951124e-06 2.686677730843013e-08 7.498571775529835e-08 0.9999999999999929 -1.0780522156463445e-07 0.669105264883258 0.7431676755661659 -8.240520767662176e-08 -0.2999849530666415 0.0 0.0 0.0 1.0]
Frame:134, T_inverse:[-0.7313684786286346 0.6819825695732581 -3.096188540941183e-07 -8.81925948387937e-06 -1.8604729069665592e-07 2.3608038267022542e-07 0.9999999999999045 -3.6263316921336894e-08 0.6819825695733456 0.7313684786286739 -7.763430883926332e-08 -0.29998488565657433 0.0 0.0 0.0 1.0]
Frame:135, T_inverse:[-0.7194030826732618 0.6945928282863252 -1.0160340863404163e-07 1.1668187755422191e-05 2.4690242665425327e-08 1.7274532524877148e-07 0.9999999999999698 -7.767197195955554e-08 0.6945928282863394 0.7194030826732353 -1.398834491921267e-07 -0.2999848729867977 0.0 0.0 0.0 1.0]
