Frame:1, T_inverse:[0.04877127461402372 -0.8735241947156607 -0.48433113700248737 0.02188228546821117 0.027401551714423697 -0.4835553899276156 0.8748846045569977 0.013336749767161735 -0.9984339431656623 -0.05594057900735819 0.0003524476898126259 -0.3202300370394655 0.0 0.0 0.0 1.0]
Frame:2, T_inverse:[0.031316533481242304 -0.8743683023713658 -0.4842511071853507 0.021889779166826197 0.027401350453843808 -0.4835554612349798 0.8748845110442921 0.013336697021035447 -0.9991337483179689 -0.04066737854533196 0.00881577680748219 -0.3206125457046534 0.0 0.0 0.0 1.0]
Frame:3, T_inverse:[0.01390897431205711 -0.8749441715958522 -0.4840239821777787 0.021908909884403093 0.027401404619633727 -0.4835554447195138 0.874884711256551 0.013336710983603292 -0.9995277279319165 -0.025431665390283513 0.01724897238103415 -0.32099399393481254 0.0 0.0 0.0 1.0]
Frame:4, T_inverse:[-0.0035449781634294426 -0.8752545882937792 -0.4836492843331442 0.021907815521073907 0.027401265749120596 -0.48355565349086727 0.8748844639658216 0.013336663680561784 -0.9996181032168121 -0.010151063853120442 0.02569744020375182 -0.3213764537928318 0.0 0.0 0.0 1.0]
Frame:5, T_inverse:[-0.021012067782573314 -0.8752983932073455 -0.48312617224567633 0.021895345543326207 0.02740149407036565 -0.48355535728202453 0.8748845152686963 0.013336742164677437 -0.9994034517486426 0.005144897686871247 0.03414523281773343 -0.3217591791332278 0.0 0.0 0.0 1.0]
Frame:6, T_inverse:[-0.03846431310766854 -0.8750750755173161 -0.48245630983110793 0.021879038077708562 0.02740128409002594 -0.4835556880438331 0.874884571769724 0.013336690402755744 -0.9988841588347919 0.020431929999654624 0.04257784975368735 -0.3221415960406422 0.0 0.0 0.0 1.0]
Frame:7, T_inverse:[-0.055866901988045836 -0.8745862345444049 -0.48164075246410737 0.021868290709418255 0.02740160696855342 -0.48355547995344106 0.8748846796110621 0.013336785043622299 -0.998062151858603 0.03567936827452269 0.050979819862243966 -0.3225228246079742 0.0 0.0 0.0 1.0]
Frame:8, T_inverse:[-0.07328442311149425 -0.8738297886607123 -0.4806774268276835 0.021840590067100308 0.02740133579306352 -0.48355560708899303 0.8748845524315786 0.013336704488463937 -0.9969345021295536 0.050944261719321315 0.05938129696180077 -0.3229045227187937 0.0 0.0 0.0 1.0]
Frame:9, T_inverse:[-0.09071519758555534 -0.8728049804642625 -0.47956458467678614 0.02179455934858736 0.027401761021015526 -0.48355534811207596 0.8748847655105586 0.01333681274252004 -0.9954997944466912 0.06622443323588166 0.06778221993199138 -0.32328644723654165 0.0 0.0 0.0 1.0]
Frame:10, T_inverse:[-0.1080670969301624 -0.8715167886152068 -0.47830952456514375 0.021758573315355547 0.027401428137789032 -0.4835556301740444 0.874884584679191 0.013336738180939178 -0.9937659078313479 0.08143988365050146 0.076137276782841 -0.32366655213109236 0.0 0.0 0.0 1.0]
Frame:11, T_inverse:[-0.12540338749196797 -0.8699617181927469 -0.4769071105989364 0.02171034824070406 0.02740109394908777 -0.483555488971071 0.874884512323687 0.013336623745961163 -0.991727236988443 0.0966458101953122 0.08447757839066491 -0.3240462973582614 0.0 0.0 0.0 1.0]
Frame:12, T_inverse:[-0.14265670209950296 -0.8681466407254302 -0.4753634974151486 0.02167016200339694 0.027401592741828237 -0.4835556207668298 0.8748845459454202 0.013336777365152168 -0.9893928207250081 0.11178246386603527 0.09277111273111034 -0.32442424707354556 0.0 0.0 0.0 1.0]
Frame:13, T_inverse:[-0.159922939142637 -0.8660607963192372 -0.4736698336895505 0.0216046834522473 0.02740146690464976 -0.48355549649810436 0.8748845614748926 0.013336734867768185 -0.9867490279478388 0.1269349430820957 0.10106310682230209 -0.32480249158360375 0.0 0.0 0.0 1.0]
Frame:14, T_inverse:[-0.17707788840220973 -0.8637195977275671 -0.4718385109447733 0.0215534407409056 0.02740140737267531 -0.48355542190032597 0.8748845456656514 0.013336712206891786 -0.983815162415651 0.14199380060372313 0.10929433464727106 -0.32517819144389903 0.0 0.0 0.0 1.0]
Frame:15, T_inverse:[-0.1942174628524474 -0.8611105924285863 -0.4698595871142437 0.021482919767987996 0.027401501073005055 -0.4835554619405721 0.8748846451594855 0.013336747984351256 -0.9805756703772418 0.15704307324242495 0.11751074466752559 -0.32555371330663824 0.0 0.0 0.0 1.0]
Frame:16, T_inverse:[-0.21130592327162898 -0.858238039374001 -0.4677363261594594 0.02140327614306839 0.027401723005012243 -0.48355531270511115 0.8748848205566506 0.013336783285550395 -0.9770357788057271 0.17205154834467357 0.12569529542991903 -0.3259279386879971 0.0 0.0 0.0 1.0]
Frame:17, T_inverse:[-0.22830984361741022 -0.8551073822987447 -0.4654739410678639 0.021323630943401367 0.02740143037882412 -0.4835556712543203 0.8748846219166182 0.013336731855489156 -0.9732028656482817 0.18699011950194044 0.13383168224810452 -0.3263003967372531 0.0 0.0 0.0 1.0]
Frame:18, T_inverse:[-0.24527205496910978 -0.8517112605416038 -0.46306530233477183 0.021228362448256568 0.027401669600349093 -0.4835553776558905 0.8748846714934696 0.013336770727942355 -0.9690669206150376 0.20189603245536064 0.14194100636091578 -0.3266719310862506 0.0 0.0 0.0 1.0]
Frame:19, T_inverse:[-0.2622077231159119 -0.8480444072827698 -0.46050805701742664 0.021110246275053132 0.027401786413586236 -0.4835553370498049 0.8748847366020657 0.013336797106249602 -0.9646222714228567 0.21678283377423777 0.15002993369997522 -0.32704284959468144 0.0 0.0 0.0 1.0]
Frame:20, T_inverse:[-0.27899887464233386 -0.8441326847286184 -0.4578204100488004 0.021007364841430856 0.027401570728539687 -0.48355549451956886 0.8748846070991019 0.01333675348172439 -0.9599003364370046 0.23154688369591844 0.15804208111423035 -0.3274105493056011 0.0 0.0 0.0 1.0]
Frame:21, T_inverse:[-0.2956867371662964 -0.8399687239709276 -0.4549965119160998 0.020904227437096853 0.02740136790680838 -0.483555643316134 0.8748846080044071 0.013336736883151876 -0.9548918426778246 0.2462242609629169 0.16599731865567877 -0.32777598470620495 0.0 0.0 0.0 1.0]
Frame:22, T_inverse:[-0.3122887445481768 -0.8355486077697334 -0.4520335153248745 0.020793487128070564 0.027401376496048666 -0.4835557471262412 0.8748846272520788 0.013336734651681866 -0.9495920150094294 0.2608302570388864 0.17390415336724238 -0.32813950031246253 0.0 0.0 0.0 1.0]
Frame:23, T_inverse:[-0.328806191494605 -0.830871346492045 -0.44893112115687833 0.020672856328229846 0.027401368131495782 -0.4835557240515156 0.8748844966696195 0.013336736929282559 -0.9439997737322751 0.2753661644029089 0.18176320743613988 -0.32850122299206275 0.0 0.0 0.0 1.0]
Frame:24, T_inverse:[-0.3452452314682583 -0.8259347741118037 -0.4456875056303551 0.020538382708017413 0.027401288265595913 -0.4835554616036234 0.8748846587780768 0.013336655316870208 -0.9381123500410474 0.28983738602788706 0.18957700214492954 -0.3288611989311375 0.0 0.0 0.0 1.0]
Frame:25, T_inverse:[-0.36150660344674407 -0.8207696372203038 -0.44232366698533204 0.020423031107942902 0.02740125601152837 -0.4835557727802376 0.8748845878694799 0.01333672838086581 -0.9319668721849838 0.30415631316718517 0.19729867751726415 -0.32921720921535796 0.0 0.0 0.0 1.0]
Frame:26, T_inverse:[-0.37774849380142145 -0.8153255295808918 -0.438805475976768 0.020269605839452018 0.02740151148780021 -0.48355538204642023 0.8748846964997451 0.013336722418470545 -0.9255026312982593 0.3184624992818683 0.20500351879439305 -0.3295728115694083 0.0 0.0 0.0 1.0]
Frame:27, T_inverse:[-0.393893534415081 -0.8096251060548634 -0.43514934476566786 0.020103270962381986 0.02740136196797505 -0.48355547343522665 0.8748846486468675 0.013336700487079477 -0.9187475016661205 0.33268778241717634 0.21265428623061008 -0.3299263019565967 0.0 0.0 0.0 1.0]
Frame:28, T_inverse:[-0.40985259674911223 -0.8037016271544378 -0.43137516012540583 0.019954421404534302 0.027401672168264102 -0.48355531636384097 0.8748847881744971 0.013336771757663395 -0.911740049048536 0.3467533981953146 0.220209202672527 -0.3302756485551359 0.0 0.0 0.0 1.0]
Frame:29, T_inverse:[-0.4256570279203825 -0.7975455420448802 -0.42747759121020196 0.019810505026713467 0.02740176225526695 -0.483555266281395 0.8748847335736257 0.013336725895769487 -0.9044695092771564 0.36068727605947876 0.22768295356077514 -0.3306217868110995 0.0 0.0 0.0 1.0]
Frame:30, T_inverse:[-0.44143169885732225 -0.7911062722449675 -0.4234247475096419 0.019623933634141708 0.02740143329225495 -0.48355520119653356 0.8748846292307093 0.013336675927382162 -0.8968761720410638 0.3745995391190744 0.23513434289960167 -0.33096698652542705 0.0 0.0 0.0 1.0]
Frame:31, T_inverse:[-0.45699265675140427 -0.7844591101418972 -0.4192632095419821 0.019460533468298347 0.027401812741060398 -0.48355539541092596 0.8748847964777989 0.013336826504546177 -0.8890483224061146 0.38832730213497524 0.2424768174334444 -0.33130755781571697 0.0 0.0 0.0 1.0]
Frame:32, T_inverse:[-0.47246583820115157 -0.7775501198932421 -0.4149599861531831 0.019272052942611036 0.027401689860973442 -0.48355534741118394 0.8748847540466301 0.013336737173231649 -0.8809228944081505 0.4019825755564547 0.24976958890649945 -0.3316463154347885 0.0 0.0 0.0 1.0]
Frame:33, T_inverse:[-0.4877560871562267 -0.7704218531583498 -0.4105413757545062 0.019092165706230776 0.02740145044197774 -0.4835553677879454 0.8748847576918742 0.013336697264294208 -0.8725497830670421 0.4154809321457212 0.25696774710697257 -0.33198097051996095 0.0 0.0 0.0 1.0]
Frame:34, T_inverse:[-0.5029269397545196 -0.7630448408602343 -0.40598919704676856 0.018895411469404752 0.027401427867601975 -0.48355568072214244 0.8748846510480682 0.013336722788691344 -0.8638945443145778 0.428878340632937 0.2641016025042977 -0.33231305832617436 0.0 0.0 0.0 1.0]
Frame:35, T_inverse:[-0.5179167067993019 -0.7554491246130255 -0.40132137749491203 0.018703656590050462 0.027401503656478768 -0.48355553107365384 0.8748846842865753 0.013336701463309116 -0.8549920316061712 0.4421205727572376 0.27114195161882215 -0.33264109983545626 0.0 0.0 0.0 1.0]
Frame:36, T_inverse:[-0.5327439397488143 -0.7476264737918776 -0.39653316089797097 0.01850820596016694 0.02740162904123908 -0.4835554481409706 0.8748847295633542 0.013336767794186676 -0.8458327464406822 0.4552238760783169 0.27809738815258095 -0.33296553823740904 0.0 0.0 0.0 1.0]
Frame:37, T_inverse:[-0.5474449946505997 -0.7395562125641989 -0.39161251546352577 0.0182928170410501 0.02740128534121368 -0.48355540228954563 0.874884615518076 0.013336700609320505 -0.8363928157779275 0.46822061344243027 0.28498494610838626 -0.33328721553576685 0.0 0.0 0.0 1.0]
Frame:38, T_inverse:[-0.5619567327404724 -0.7312730921742497 -0.38658006143993145 0.018080656848936713 0.027401219544915725 -0.4835556104301958 0.8748845580760495 0.013336721238155736 -0.826712526140527 0.48105457147347536 0.2917752266708516 -0.33360476808712847 0.0 0.0 0.0 1.0]
Frame:39, T_inverse:[-0.5762947379758938 -0.7227690191376547 -0.3814304367451817 0.017864072392799052 0.02740152989587214 -0.4835555188887385 0.874884579662093 0.013336712274500338 -0.8167823220346264 0.49373972137865996 0.298475598027493 -0.3339186278280463 0.0 0.0 0.0 1.0]
Frame:40, T_inverse:[-0.5904533362967981 -0.714047380565837 -0.3761663447837275 0.01764368703029656 0.02740137059840171 -0.48355535887758044 0.8748847673342504 0.01333667186649121 -0.8066064625163042 0.5062711770736603 0.30508278102296643 -0.33422841583686563 0.0 0.0 0.0 1.0]
Frame:41, T_inverse:[-0.6044340178262841 -0.705107331792566 -0.37078723194383956 0.017417128788436712 0.027401555070099556 -0.483555467489134 0.874884689467436 0.01333675311281835 -0.7961838154299968 0.5186499191270386 0.311598427015469 -0.3345342738174258 0.0 0.0 0.0 1.0]
Frame:42, T_inverse:[-0.6182363930192142 -0.6959486838380399 -0.3652932378006307 0.017182917938498406 0.027401253830155143 -0.48355558015086225 0.8748846232121357 0.013336687884043458 -0.7855144395716727 0.5308760473277543 0.3180215792932871 -0.3348362106264198 0.0 0.0 0.0 1.0]
Frame:43, T_inverse:[-0.6318518326614718 -0.6865775562291031 -0.35968673053144923 0.016942907324110083 0.027401693473444868 -0.48355535153010437 0.8748847685372648 0.013336721519490686 -0.7746047133149865 0.5429415070374171 0.32434869475614575 -0.3351341293068759 0.0 0.0 0.0 1.0]
Frame:44, T_inverse:[-0.6452807543069449 -0.6769925411078325 -0.3539688584952063 0.0166950955410533 0.02740131004447535 -0.4835555636606324 0.8748847117005727 0.013336701869576919 -0.7634539971431056 0.5548469973555804 0.3305795216972706 -0.33542781568096625 0.0 0.0 0.0 1.0]
Frame:45, T_inverse:[-0.6584796022932605 -0.6672263530190876 -0.34815739144441726 0.016457061290033992 0.027401544787588304 -0.48355545318202414 0.8748847145191364 0.013336671719786787 -0.7520995481786225 0.5665536921417382 0.3366944525112555 -0.33571663429564785 0.0 0.0 0.0 1.0]
Frame:46, T_inverse:[-0.6715078609966012 -0.6572350900192632 -0.34222701320691346 0.01620090314363626 0.027401546699761078 -0.48355543055296385 0.8748848104931184 0.013336733933614568 -0.7404906887852057 0.5781144430587978 0.34272044609890956 -0.33600155283667354 0.0 0.0 0.0 1.0]
Frame:47, T_inverse:[-0.6843398982872627 -0.6470364134831031 -0.33618842957929035 0.015935897377692056 0.02740153879010847 -0.48355553254746414 0.8748846649662102 0.01333676833824967 -0.7286480453613611 0.5895064445541883 0.3486462016417554 -0.3362821291661589 0.0 0.0 0.0 1.0]
Frame:48, T_inverse:[-0.6969500322755127 -0.6366517865827236 -0.3300533801666379 0.015672091071786735 0.027401843952541895 -0.4835553812897293 0.874884801846657 0.013336742999648536 -0.7165960142825056 0.600706847057795 0.3544593360391215 -0.3365580025964474 0.0 0.0 0.0 1.0]
Frame:49, T_inverse:[-0.7093632114737459 -0.626059422367257 -0.323810483678975 0.01539617069265478 0.02740145334481006 -0.4835553491500739 0.8748847181946596 0.013336653171699759 -0.7043101645449659 0.611738255460026 0.3601714334207198 -0.3368294648243065 0.0 0.0 0.0 1.0]
Frame:50, T_inverse:[-0.7215343592408178 -0.6152992201496784 -0.31748219508407916 0.015128028343291914 0.0274014558385057 -0.4835555612858902 0.8748846208365405 0.01333676577318223 -0.6918361475136362 0.6225598625266686 0.36576211799002045 -0.3370955306063087 0.0 0.0 0.0 1.0]
Frame:51, T_inverse:[-0.7334979195157121 -0.604341193357036 -0.31105100146018083 0.014849524553801691 0.027401378288284456 -0.48355569636081114 0.8748846454157282 0.013336788837030494 -0.6791392724831469 0.6332027752267468 0.3712467488399708 -0.33735708694195676 0.0 0.0 0.0 1.0]
Frame:52, T_inverse:[-0.7452404213699712 -0.5931967594132688 -0.30452315657503326 0.01456524834544435 0.02740168648403125 -0.48355541864568274 0.8748847753769574 0.013336768512280509 -0.6662326268829247 0.6436550426737407 0.3766196013319927 -0.33761388767534645 0.0 0.0 0.0 1.0]
Frame:53, T_inverse:[-0.7567486668360259 -0.5818786699339675 -0.29790735365831755 0.014280384047204359 0.027401541670361972 -0.483555591181576 0.8748846658791285 0.01333675453240959 -0.6531314794678348 0.6539046577777026 0.3818743488677678 -0.33786543763164495 0.0 0.0 0.0 1.0]
Frame:54, T_inverse:[-0.7680225444707204 -0.5703870621409362 -0.2912029663035078 0.013992977753074284 0.02740133578407813 -0.4835552661654577 0.8748844768890739 0.013336687021474416 -0.6398356730433347 0.6639519815528103 0.38701131528316174 -0.33811182778991417 0.0 0.0 0.0 1.0]
Frame:55, T_inverse:[-0.7790899655331068 -0.5586943311088345 -0.2843930984461565 0.01368705853459266 0.027401757244292137 -0.4835553202909831 0.8748847812391282 0.013336694405558524 -0.6263129942596716 0.6738210955850137 0.39204233309952824 -0.33835385174697175 0.0 0.0 0.0 1.0]
Frame:56, T_inverse:[-0.7898917948920601 -0.5468606211787733 -0.27751470707438997 0.013392051308540955 0.02740139245399216 -0.48355558132159954 0.8748846640223488 0.013336752640422226 -0.6126337627038022 0.68345990737345 0.39694129187164995 -0.3385898453818479 0.0 0.0 0.0 1.0]
Frame:57, T_inverse:[-0.8004693198285634 -0.5348422206765128 -0.27054079538857806 0.013084012877182936 0.027401364101200875 -0.48355547756918305 0.8748845620685121 0.013336732782279807 -0.5987467823767608 0.6929052056530673 0.40172699395374484 -0.33882102030139594 0.0 0.0 0.0 1.0]
Frame:58, T_inverse:[-0.8108121932341689 -0.5226500611359983 -0.2634778123311106 0.01276656347547459 0.027401698411268067 -0.48355556990437865 0.8748846846516062 0.013336830707346599 -0.5846647338349604 0.7021474182238258 0.40639417956529816 -0.3390469943417757 0.0 0.0 0.0 1.0]
Frame:59, T_inverse:[-0.8208848404520196 -0.5103257294241114 -0.25635039888158556 0.012458516419199704 0.02740182101869885 -0.48355536681790684 0.8748846689491957 0.01333677902106319 -0.5704358649578052 0.7111551856491634 0.4109272352156439 -0.339267123593632 0.0 0.0 0.0 1.0]
Frame:60, T_inverse:[-0.8307023600297551 -0.4978535938028093 -0.24914930957203016 0.012150006548346224 0.02740185464002761 -0.48355524861622295 0.8748847882844949 0.013336732727898768 -0.5560420169235548 0.7199417260072676 0.4153326136179341 -0.3394816626128296 0.0 0.0 0.0 1.0]
Frame:61, T_inverse:[-0.8402900059295211 -0.4851996763152083 -0.24185526983016836 0.011823554147849795 0.027401695817786335 -0.4835552784158021 0.8748848241798495 0.013336678038385 -0.5414442085089682 0.7285296731895914 0.41962199343199463 -0.3396910874452477 0.0 0.0 0.0 1.0]
Frame:62, T_inverse:[-0.8496075239061506 -0.47241593370632307 -0.2344979847392052 0.011502119364418917 0.02740161649615051 -0.4835551501027376 0.8748844804208391 0.013336679356484117 -0.5267022591724222 0.7368832147702934 0.42377775669749834 -0.33989452585885843 0.0 0.0 0.0 1.0]
Frame:63, T_inverse:[-0.8586679749536346 -0.4594876179935666 -0.22706870292912093 0.011176751715832572 0.027401544353478066 -0.48355538736436704 0.874884625009774 0.013336735107702006 -0.5117989944426696 0.7450134923626613 0.42780436702219077 -0.34009238582582757 0.0 0.0 0.0 1.0]
Frame:64, T_inverse:[-0.8674624316354025 -0.4464259980981566 -0.21957368177889702 0.010850923041641855 0.027401664387247116 -0.4835551145859197 0.874884813210277 0.013336656181762415 -0.4967473416015052 0.75291306346524 0.43169886317458395 -0.34028447116095634 0.0 0.0 0.0 1.0]
Frame:65, T_inverse:[-0.8760061544436202 -0.4332079019300526 -0.21200036945856182 0.010512501683623082 0.02740178729665281 -0.4835554206175922 0.8748847674542355 0.013336761597872861 -0.4815209236356647 0.7605952410437522 0.43546816673378547 -0.3404709613240665 0.0 0.0 0.0 1.0]
Frame:66, T_inverse:[-0.8842641945624102 -0.4198875460668994 -0.20438013126948607 0.010184322661315973 0.02740121010925485 -0.48355554919469584 0.8748846928572404 0.013336731790246716 -0.46618233247449303 0.7680289220546042 0.4390962938992822 -0.3406512453041816 0.0 0.0 0.0 1.0]
Frame:67, T_inverse:[-0.8922820706461493 -0.4063909969237471 -0.19666870102702722 0.009831614195112056 0.027401660198502 -0.4835550244387721 0.8748847369156121 0.013336637571274575 -0.4506454844355913 0.775255111696529 0.4426036379936231 -0.3408262552954048 0.0 0.0 0.0 1.0]
Frame:68, T_inverse:[-0.9000097224144843 -0.3928017409394938 -0.1889162157034949 0.009489632751307977 0.027401424749624145 -0.4835555613335233 0.8748847060689556 0.013336757664590028 -0.4350076863211245 0.7822281619186847 0.4459679871377241 -0.34099492265814807 0.0 0.0 0.0 1.0]
Frame:69, T_inverse:[-0.907471484504826 -0.3790772647733947 -0.18109650125321464 0.00913783413081724 0.02740168685237153 -0.4835553118228215 0.8748848067547446 0.013336682236106123 -0.4192191039590417 0.7889706534711831 0.4492000249019284 -0.34115772112237547 0.0 0.0 0.0 1.0]
Frame:70, T_inverse:[-0.9146235101356484 -0.3653014421392565 -0.17325852940976091 0.00881100927904081 0.027401761259551873 -0.4835554797757247 0.8748846370324486 0.013336731345474744 -0.40337676734401007 0.7954425817273039 0.4522812030888076 -0.34131374999662945 0.0 0.0 0.0 1.0]
Frame:71, T_inverse:[-0.921541852078381 -0.35132672155052896 -0.16531843491943385 0.008443759934669563 0.02740132031430952 -0.4835556335023988 0.8748846664352354 0.013336746843083837 -0.3873110162864122 0.8017128229612276 0.45524354228342173 -0.3414646228177796 0.0 0.0 0.0 1.0]
Frame:72, T_inverse:[-0.928163598115641 -0.3372755496721576 -0.1573447350384387 0.008087109593899152 0.027401365978968622 -0.483555463965507 0.8748846535802168 0.013336720690565964 -0.37116212781398245 0.80772469069846 0.4580605096101008 -0.34160894164725514 0.0 0.0 0.0 1.0]
Frame:73, T_inverse:[-0.934501544361233 -0.3231240336189495 -0.14932447433489657 0.007728941631157272 0.027401490414127927 -0.48355556232432767 0.8748846851842546 0.013336740547339092 -0.35490294521254395 0.8134893529101299 0.46073745636668884 -0.34174717147834593 0.0 0.0 0.0 1.0]
Frame:74, T_inverse:[-0.9405532126263875 -0.3088769776430776 -0.1412604232368866 0.007369745990134207 0.027401521525668455 -0.48355546641892877 0.8748846259800789 0.013336732793157224 -0.33853899650021707 0.8190048618876639 0.463273479913017 -0.3418789763930742 0.0 0.0 0.0 1.0]
Frame:75, T_inverse:[-0.9463098368032239 -0.2945583751844421 -0.13316587804479943 0.00701765933435295 0.027401674416508735 -0.4835554006596879 0.8748848181148008 0.013336721978171645 -0.32209770856642456 0.8242630777167177 0.4656645607032076 -0.34200439114592507 0.0 0.0 0.0 1.0]
Frame:76, T_inverse:[-0.9517849382475128 -0.2801339165091271 -0.12502225721936502 0.006656684955457078 0.027401412778579066 -0.48355557399023374 0.8748846832098044 0.013336731471533973 -0.3055400887918236 0.8292762043348714 0.4679168990678153 -0.3421236852295696 0.0 0.0 0.0 1.0]
Frame:77, T_inverse:[-0.9569744772725559 -0.26561206796774445 -0.11683291717467864 0.006288636668189202 0.027401816997554285 -0.48355541488422465 0.8748846690525418 0.013336768881528665 -0.2888751220536541 0.8340409108402734 0.47002857930998415 -0.3422366523170189 0.0 0.0 0.0 1.0]
Frame:78, T_inverse:[-0.9618779392904864 -0.2509923219078613 -0.10859927901177922 0.005911814798321841 0.02740150222623962 -0.48355561480171066 0.8748846982422525 0.013336796761418766 -0.2721031089337765 0.8385564155364655 0.4719989845808774 -0.34234334679752787 0.0 0.0 0.0 1.0]
Frame:79, T_inverse:[-0.9664779914560832 -0.23632521573765145 -0.10034858194087985 0.0055451303459722314 0.027401420616457558 -0.48355505590023845 0.8748845697781779 0.013336627381632863 -0.25528144300187977 0.8428073671038463 0.4738216113475403 -0.34244329628329556 0.0 0.0 0.0 1.0]
Frame:80, T_inverse:[-0.970784954019177 -0.2215859630632344 -0.09206707632629148 0.00517660922007449 0.027401628590791816 -0.4835557026934914 0.874884592556413 0.0133368543533426 -0.23838170395241265 0.8468020023668058 0.47550034520926465 -0.3425369200901213 0.0 0.0 0.0 1.0]
Frame:81, T_inverse:[-0.974789721311055 -0.20680283286685092 -0.0837709222530336 0.004815932665332697 0.027401544311170627 -0.48355548351864097 0.8748846982918237 0.01333674087838217 -0.22143653405975738 0.8505331707163172 0.47703160663066607 -0.34262398943234085 0.0 0.0 0.0 1.0]
Frame:82, T_inverse:[-0.9785138432312339 -0.1918937917585428 -0.07541429446523369 0.004428318475121071 0.027401214929061987 -0.48355539085225946 0.8748847102549808 0.0133366904856093 -0.20435194818310826 0.8540204080688388 0.47842382973437986 -0.34270481168039946 0.0 0.0 0.0 1.0]
Frame:83, T_inverse:[-0.9819297503895066 -0.17696507245922538 -0.06705562631602036 0.004055062102297241 0.027401655412696724 -0.4835552293373333 0.8748844636442021 0.013336650775656213 -0.18724915574503093 0.8572380084077045 0.4796670763583951 -0.34277900721222965 0.0 0.0 0.0 1.0]
Frame:84, T_inverse:[-0.9850511971643515 -0.16196541042208165 -0.058667407814027774 0.0036737196284799423 0.027401668908670056 -0.4835556360774405 0.8748848416068684 0.013336763968891982 -0.1700700208666338 0.8601985477282935 0.4807648050974664 -0.34284655820288373 0.0 0.0 0.0 1.0]
Frame:85, T_inverse:[-0.9878608279671045 -0.14697394501590236 -0.05029347820490334 0.0033141821658690487 0.0274016677216263 -0.48355526420724204 0.8748847084706116 0.01333664276387269 -0.15290494262172086 0.8628863018536629 0.48171278496076386 -0.3429074451339479 0.0 0.0 0.0 1.0]
Frame:86, T_inverse:[-0.9903801911294532 -0.131884565459478 -0.04187485133806784 0.002932419932105067 0.02740144200235767 -0.4835555454311905 0.8748846970292322 0.013336760792157565 -0.13563259367881045 0.8653210444100814 0.48251765962217136 -0.3429617820547807 0.0 0.0 0.0 1.0]
Frame:87, T_inverse:[-0.9926017133126003 -0.11672292948750256 -0.03342540853401425 0.002537142346412091 0.02740136782161051 -0.4835554781182745 0.8748845633986413 0.013336786576964839 -0.11828214585805409 0.8674961718986252 0.48317661870447015 -0.3430096953533326 0.0 0.0 0.0 1.0]
Frame:88, T_inverse:[-0.9945111984784509 -0.10159761602533399 -0.025005853525469402 0.002169506789112554 0.02740124727703371 -0.483555481515258 0.8748846517400574 0.013336723815884466 -0.10097791237182528 0.8693974295057363 0.4836853272359418 -0.34305076429366116 0.0 0.0 0.0 1.0]
Frame:89, T_inverse:[-0.9961201684511758 -0.08642952536602784 -0.01657167495406842 0.001796454695834085 0.027401483238094784 -0.48355552830711274 0.8748847204492077 0.013336722001113232 -0.08362919244357672 0.8710361621491675 0.4840476737601614 -0.34308531568672457 0.0 0.0 0.0 1.0]
Frame:90, T_inverse:[-0.9974294382133974 -0.07118841384377479 -0.008106693702471772 0.001404385387756122 0.027401545925811465 -0.4835550832017904 0.8748844820173013 0.013336680652923897 -0.06620169034374516 0.8724138715028633 0.48426348294693866 -0.3431131505462592 0.0 0.0 0.0 1.0]
Frame:91, T_inverse:[-0.9984331858436617 -0.05595594926619239 0.0003438284094746083 0.0010244132176590586 0.027401554412212262 -0.48355558132336157 0.8748846536983876 0.01333680070848399 -0.04878874322229272 0.8735232917740179 0.4843311864534536 -0.3431343537256007 0.0 0.0 0.0 1.0]
Frame:92, T_inverse:[-0.9991333857013835 -0.040679123247281866 0.008809338916750656 0.0006336659974256582 0.027401506147455738 -0.4835552317905607 0.8748848192333767 0.013336613799462235 -0.03132974725774944 0.8743680661523879 0.4842509121205187 -0.3431489807808873 0.0 0.0 0.0 1.0]
Frame:93, T_inverse:[-0.9995279144528844 -0.02541261414078774 0.017259547250929323 0.0002515277764864263 0.02740145414071416 -0.48355529734242997 0.8748847304489222 0.013336674105693358 -0.013887161100987878 0.8749447049210242 0.4840235613459594 -0.3431568516588529 0.0 0.0 0.0 1.0]
Frame:94, T_inverse:[-0.9996182002069477 -0.010156160977569101 0.025694639764374475 -0.00012347032874853627 0.027401377260338818 -0.4835552379475926 0.8748848074788012 0.013336655149859239 0.0035393074279265343 0.8752548778614041 0.4836489864218625 -0.3431581026414119 0.0 0.0 0.0 1.0]
Frame:95, T_inverse:[-0.9994040558770007 0.005116223879276498 0.03412922477031578 -0.0005037405783598183 0.027401479670901983 -0.4835552973816143 0.8748845537275286 0.013336683629056833 0.020979479887988185 0.8752986424155274 0.48312733439926936 -0.34315258665546733 0.0 0.0 0.0 1.0]
Frame:96, T_inverse:[-0.9988853342630285 0.020406924581803616 0.042564148857827784 -0.0008913721572313015 0.027401382300639647 -0.4835555797038824 0.874884698236767 0.013336747166214693 0.03843583582727785 0.8750757780362828 0.4824573151662028 -0.3431404971601343 0.0 0.0 0.0 1.0]
Frame:97, T_inverse:[-0.9980598472942569 0.035713234039828436 0.050998494416834 -0.0012876082754886672 0.02740164040639605 -0.48355523501662384 0.8748847266267793 0.013336648770654153 0.055905556739348106 0.8745848899657491 0.4816386712752156 -0.3431216133688982 0.0 0.0 0.0 1.0]
Frame:98, T_inverse:[-0.9969360044758062 0.05092623860499517 0.05937157065526264 -0.0016510404627177223 0.027401578719955917 -0.4835553333023396 0.8748847029381137 0.013336690948738598 0.07326403090720993 0.8738309782977369 0.48067840396420314 -0.34309608832617566 0.0 0.0 0.0 1.0]
Frame:99, T_inverse:[-0.9955039981630205 0.06618406171168505 0.06775969487155575 -0.002037422157385412 0.02740145978028872 -0.4835553883854418 0.8748847293096869 0.013336710271250163 0.09066899365910908 0.8728080095017582 0.4795677970962943 -0.34306403218621173 0.0 0.0 0.0 1.0]
Frame:100, T_inverse:[-0.9937704108825205 0.08140180960715858 0.07611628877078232 -0.0024156042068868176 0.027401375581230996 -0.4835553748562051 0.8748845775050751 0.013336732078406542 0.10802364471787118 0.8715203135490708 0.4783128366912111 -0.3430252518697082 0.0 0.0 0.0 1.0]
Frame:101, T_inverse:[-0.9917327037070632 0.09660849790481836 0.08445726096859124 -0.002798469352620344 0.02740132127090937 -0.48355556599086563 0.8748846931223452 0.013336770736418004 0.12536108023117504 0.8699660185448727 0.4769106516147683 -0.34297986053839896 0.0 0.0 0.0 1.0]
Frame:102, T_inverse:[-0.9893938045862776 0.11177670106613805 0.09276768910192548 -0.0031766708091699423 0.027401408889308126 -0.4835555656162197 0.8748846878433226 0.01333678487995089 0.14265004673830406 0.86814747780914 0.4753640266221974 -0.3429277362352373 0.0 0.0 0.0 1.0]
Frame:103, T_inverse:[-0.9867598920484978 0.12687667752985526 0.10103135714076453 -0.0035406790564091097 0.02740165930954042 -0.4835556202749394 0.8748847015771282 0.013336789995491571 0.15985673246739446 0.866069493604652 0.4736765814624704 -0.3428693299607951 0.0 0.0 0.0 1.0]
Frame:104, T_inverse:[-0.9838205445267034 0.1419680794422148 0.10928059515870292 -0.0039151980400472085 0.027401842824175023 -0.48355539445945 0.8748847781310257 0.013336651140569127 0.1770489235304217 0.8637240704386877 0.47184153503112 -0.3428041658382434 0.0 0.0 0.0 1.0]
Frame:105, T_inverse:[-0.9805742311572488 0.1570477542932982 0.11751307842416331 -0.004301261156304475 0.027401317649400184 -0.4835553950411474 0.8748843727163517 0.013336763967356413 0.19422278156529535 0.8611094651972558 0.4698592914700453 -0.34273222977235623 0.0 0.0 0.0 1.0]
Frame:106, T_inverse:[-0.9770342689366941 0.17205717836687076 0.12569853901612144 -0.004677208122559622 0.027401830819078894 -0.483555418846219 0.8748846339525926 0.013336677108927376 0.21131241457790842 0.8582367260985556 0.4677357275015106 -0.34265395906699186 0.0 0.0 0.0 1.0]
Frame:107, T_inverse:[-0.9731995304931326 0.18700249097287988 0.13383887589192342 -0.00504674684556961 0.027401884902613916 -0.48355555001256323 0.874884699626313 0.013336740028746286 0.228324141877007 0.8551047645132337 0.4654717207957058 -0.34256913958380697 0.0 0.0 0.0 1.0]
Frame:108, T_inverse:[-0.9690548863441749 0.20193614835649523 0.1419627110149168 -0.0054332018776466415 0.02740156007048716 -0.48355525807864097 0.8748844069877416 0.013336687545795626 0.2453176962000436 0.8517014623195198 0.4630589690887668 -0.34247750996377496 0.0 0.0 0.0 1.0]
Frame:109, T_inverse:[-0.9646415089171111 0.21672073418159032 0.14999587410921722 -0.005782577489315264 0.027401519615060835 -0.48355528252460583 0.8748847573598579 0.013336672213618101 0.2621369725019053 0.8480603558522681 0.46051908409159775 -0.34238010479644204 0.0 0.0 0.0 1.0]
Frame:110, T_inverse:[-0.959910088770533 0.23151721558825586 0.15802617704186217 -0.006161767111375065 0.027401767393651414 -0.483555541366009 0.8748846133376488 0.013336726961038643 0.27896529790511354 0.8441407972493215 0.4578259561844088 -0.3422756994073429 0.0 0.0 0.0 1.0]
Frame:111, T_inverse:[-0.9549025331227861 0.2461938124429868 0.16598122636647852 -0.006519151449697474 0.02740175943755832 -0.48355565951158613 0.8748846077164701 0.013336788154034723 0.2956523258881143 0.839977724863576 0.4550023776492335 -0.34216528984987515 0.0 0.0 0.0 1.0]
Frame:112, T_inverse:[-0.949592352289619 0.2608287956441756 0.17390359049008575 -0.0068878367247106696 0.027401616014854187 -0.4835555118012609 0.8748846393783407 0.013336739164731362 0.31228717281019824 0.8355490586100576 0.45203363591729767 -0.34204812428046705 0.0 0.0 0.0 1.0]
Frame:113, T_inverse:[-0.9439986734214058 0.27536876385007814 0.18176453267768639 -0.007248298484208626 0.027401444397425197 -0.4835554277667686 0.8748846861449907 0.013336762071229875 0.3288091589714834 0.8308706497117735 0.44893031600154326 -0.34192480807882475 0.0 0.0 0.0 1.0]
Frame:114, T_inverse:[-0.938122240468691 0.28981341194324656 0.18956449770450184 -0.007601921616656588 0.0274018625416679 -0.4835552369012752 0.8748847617430441 0.013336608435775185 0.3452182522368586 0.8259433424275273 0.44569260140446965 -0.3417953233727248 0.0 0.0 0.0 1.0]
Frame:115, T_inverse:[-0.9319503255327393 0.30419371432844483 0.1973189678980478 -0.007962729934215387 0.027401473674186792 -0.4835554506627 0.8748847044087976 0.013336722260047685 0.36154907288944554 0.8207558948765032 0.44231432643895324 -0.34165929512902365 0.0 0.0 0.0 1.0]
Frame:116, T_inverse:[-0.9254991334325197 0.318469597561109 0.20500740706330667 -0.008316597608879966 0.02740162113170707 -0.4835551665084021 0.8748846576501101 0.013336645951249034 0.3777566240317405 0.8153227146053944 0.4388036282608096 -0.34151723683536 0.0 0.0 0.0 1.0]
Frame:117, T_inverse:[-0.9187673110108975 0.33264697364864637 0.21263281064423784 -0.008667162289841438 0.027401802222116547 -0.48355560243652373 0.8748846699328112 0.013336749782558081 0.393847519343799 0.8096418713829674 0.43515992710622065 -0.34136902270969016 0.0 0.0 0.0 1.0]
Frame:118, T_inverse:[-0.9117505384013722 0.34673198277688566 0.22019754734623162 -0.009018865213420248 0.02740142934655921 -0.48355518843292256 0.8748844607010765 0.01333668245045708 0.4098282453225473 0.8037105236598763 0.4313814223377794 -0.34121451910765394 0.0 0.0 0.0 1.0]
Frame:119, T_inverse:[-0.9044322388252364 0.36075710847863074 0.22772052119228106 -0.00938763848161114 0.02740182929781391 -0.48355552673015023 0.8748846991644166 0.013336719132108219 0.425736394723848 0.7975138998531172 0.4274577926219901 -0.3410536002550817 0.0 0.0 0.0 1.0]
Frame:120, T_inverse:[-0.8968938327581388 0.3745680597424176 0.2351175370014409 -0.009708484126690821 0.02740155056355584 -0.4835555451449255 0.874884690695375 0.013336774292872392 0.44139623765063374 0.7911212380350128 0.4234342239485337 -0.3408875904479702 0.0 0.0 0.0 1.0]
Frame:121, T_inverse:[-0.8890362281536186 0.38834790249918627 0.24248798236915178 -0.010062476877304072 0.027401777342037126 -0.48355564329170964 0.8748846153038041 0.013336765478374212 0.4570160392467525 0.7844487521979253 0.41925708051369226 -0.3407147795328394 0.0 0.0 0.0 1.0]
Frame:122, T_inverse:[-0.8809403786879868 0.40195374414119334 0.24975434929887078 -0.010389368196955321 0.027401777708214316 -0.48355542904950777 0.8748847135615794 0.013336693113309593 0.4724332666367094 0.7775649749928569 0.41496927628416397 -0.34053666201079086 0.0 0.0 0.0 1.0]
Frame:123, T_inverse:[-0.8725543159302612 0.41547362606050126 0.2569641682334143 -0.010728688475046686 0.027401619442697856 -0.4835555908160686 0.8748846112541102 0.013336711011176105 0.4877479616673295 0.7704256265106632 0.41054388720042195 -0.3403523497907623 0.0 0.0 0.0 1.0]
Frame:124, T_inverse:[-0.863914811325785 0.42884725633772475 0.2640852382931443 -0.0110560942365477 0.027401666090812453 -0.4835553864231493 0.8748846359722535 0.013336732226525847 0.502891761498755 0.7630622936801639 0.40599969055606144 -0.34016225547689144 0.0 0.0 0.0 1.0]
Frame:125, T_inverse:[-0.8550112852927861 0.44209256457499657 0.27112677794431533 -0.0113810867851274 0.02740135686955053 -0.4835552936863331 0.8748847289444212 0.013336748373716067 0.5178848845343528 0.755465629259354 0.4013313860561323 -0.3399663950567331 0.0 0.0 0.0 1.0]
Frame:126, T_inverse:[-0.8458403219882441 0.4552133743883708 0.27809166728723755 -0.011707262939413536 0.027401443788247683 -0.4835554553116885 0.8748847204140303 0.0133367582083967 0.5327319869585614 0.747632872054322 0.3965372037126086 -0.33976485323634664 0.0 0.0 0.0 1.0]
Frame:127, T_inverse:[-0.8364034157705151 0.46820622837472264 0.2849771926632884 -0.012034906705533206 0.02740135331826774 -0.4835552276541274 0.8748847497802364 0.013336697963358035 0.5474287368247315 0.7395654470719703 0.39161796362526813 -0.33955743848132514 0.0 0.0 0.0 1.0]
Frame:128, T_inverse:[-0.8267203950483801 0.4810442340655749 0.2917697987067465 -0.012353156313677498 0.02740150411167375 -0.4835553715406356 0.8748846708769022 0.013336704183606366 0.5619451525540157 0.731280037706081 0.3865839043291001 -0.3393446783885669 0.0 0.0 0.0 1.0]
Frame:129, T_inverse:[-0.8167596196935752 0.4937681708806811 0.2984905718229301 -0.012683052864453207 0.027401556824698227 -0.4835554899419607 0.8748846120481589 0.013336756366595854 0.5763269702475138 0.7227495702081529 0.3814186689794623 -0.3391257323968921 0.0 0.0 0.0 1.0]
Frame:130, T_inverse:[-0.8066058050612271 0.5062716035220142 0.3050833006748769 -0.012976130075349231 0.02740160421468666 -0.4835553784376606 0.8748846117718172 0.013336703842921216 0.5904539884979763 0.7140469403890097 0.3761661537182988 -0.3389025965706267 0.0 0.0 0.0 1.0]
Frame:131, T_inverse:[-0.7961822251673024 0.5186517439452187 0.3115994464580411 -0.013279524259013308 0.027401740841142996 -0.48355534270298733 0.8748847536520384 0.013336680391262574 0.6044361302515762 0.7051060494166638 0.37078621984941074 -0.3386735389400147 0.0 0.0 0.0 1.0]
Frame:132, T_inverse:[-0.7854969592559564 0.530895544045871 0.3180321682876699 -0.013589671585442577 0.027401739681194175 -0.48355556119953563 0.8748846534177988 0.013336706135930932 0.6182585762992104 0.6959338598474061 0.36528395212909753 -0.3384388359276335 0.0 0.0 0.0 1.0]
Frame:133, T_inverse:[-0.7745986207740587 0.5429482011670953 0.3243519100548277 -0.0138810326302701 0.02740127635758372 -0.48355540041427175 0.8748847017042851 0.013336764236158472 0.6318591941532198 0.6865722293535487 0.35968394930200065 -0.3381994219942683 0.0 0.0 0.0 1.0]
Frame:134, T_inverse:[-0.7634465966779173 0.5548543948889405 0.33058381790892466 -0.0141778092089224 0.02740177207936819 -0.4835554418862199 0.874884609386256 0.013336645357182288 0.6452892325221706 0.6769863235723783 0.3539649371825532 -0.33795449294055835 0.0 0.0 0.0 1.0]
Frame:135, T_inverse:[-0.7520844353110314 0.5665691109208001 0.3367024529581298 -0.014458658558283223 0.027401573659729027 -0.483555441774557 0.8748847689857299 0.013336741198426882 0.6584969361717233 0.6672133794143653 0.34814960133750605 -0.3377047842180195 0.0 0.0 0.0 1.0]
Frame:136, T_inverse:[-0.7404595512213917 0.5781447963045895 0.3427364183415871 -0.014752101406921186 0.02740166474161776 -0.48355538728688086 0.8748847771515686 0.013336690225041706 0.6715421614564746 0.6572082659395896 0.3422110786938628 -0.3374495149503305 0.0 0.0 0.0 1.0]
Frame:137, T_inverse:[-0.7286385787526257 0.5895152812770862 0.34865094129750834 -0.015026576234287367 0.02740171112931538 -0.48355554006540413 0.8748846496960951 0.01333671936163159 0.6843499770301925 0.6470283714049153 0.33618352620650416 -0.33719000717162984 0.0 0.0 0.0 1.0]
Frame:138, T_inverse:[-0.7165755048690233 0.6007254846333048 0.35446895775866555 -0.015306234326317471 0.02740158073498646 -0.48355546985224385 0.8748846213529358 0.013336743796568093 0.6969709376335791 0.6366339726461987 0.3300432898422716 -0.3369250725895789 0.0 0.0 0.0 1.0]
Frame:139, T_inverse:[-0.7043124940086853 0.6117360782259206 0.36017063778443786 -0.015572381278983548 0.027401833518708653 -0.48355546255068677 0.8748846754834445 0.01333666669321186 0.7093610053605109 0.6260615675408121 0.3238114903387679 -0.33665589647127975 0.0 0.0 0.0 1.0]
Frame:140, T_inverse:[-0.6918151684620972 0.6225777999325306 0.3657713598824614 -0.015843177512668845 0.027401633031727223 -0.48355547220092077 0.8748846983264956 0.013336709458301578 0.7215545479700123 0.6152812483794822 0.31747133938167693 -0.3363814596490366 0.0 0.0 0.0 1.0]
Frame:141, T_inverse:[-0.6791552144932737 0.6331895339580439 0.3712399486502474 -0.01608671517023804 0.027401487017057954 -0.48355545082686774 0.8748846869031458 0.013336733932300447 0.7334829705524359 0.604355042706211 0.3110589189423499 -0.336103490668172 0.0 0.0 0.0 1.0]
Frame:142, T_inverse:[-0.6661895870788512 0.643689053035551 0.37663726765640715 -0.016370715011910127 0.0274016453418267 -0.48355554540561263 0.8748846026560465 0.013336714424965056 0.745278710720627 0.5931595806040002 0.30450166286791897 -0.335818875333606 0.0 0.0 0.0 1.0]
Frame:143, T_inverse:[-0.6530927054767568 0.653934459316562 0.3818893582280951 -0.01661696893753262 0.027401440782721043 -0.4835552701920092 0.8748847213713381 0.013336702248615391 0.7567819229512116 0.5818452108302758 0.29788781785036755 -0.3355313141513852 0.0 0.0 0.0 1.0]
