Frame:1, T_inverse:[0.3034204280694851 -0.9528567913171008 -2.9163835812068504e-05 0.025456804367255743 -1.765394480197067e-05 2.500161182660904e-05 -0.9999999990638214 -0.0167641114884361 0.9528567918834 0.30342039901263923 -9.224212913651575e-06 -0.3146142395314159 0.0 0.0 0.0 1.0]
Frame:2, T_inverse:[0.3502101874782575 -0.936671051581877 -0.00038779438723750146 0.027021003281910785 -0.000135601398733916 0.00036334240661509723 -0.9999999092096394 -0.016772510422281547 0.9366711329134231 0.3502101803678778 2.509958205490896e-07 -0.31580645567882276 0.0 0.0 0.0 1.0]
Frame:3, T_inverse:[0.39868552246890554 -0.917087280754214 -0.0007692030360866856 0.027641817199371532 -0.00027866114271300594 0.0007177245764157825 -0.9999995861166823 -0.016782984522886454 0.9170876029563093 0.3986855061922211 3.066285106482729e-05 -0.3172360023215531 0.0 0.0 0.0 1.0]
Frame:4, T_inverse:[0.4461490485163984 -0.8949579234118824 -0.0011495557828005685 0.02815932873901837 -0.00044047996975983946 0.0010649153990771245 -0.9999993276043071 -0.016793696272859492 0.8949585871855847 0.4461492302899834 8.09118333498861e-05 -0.318697489365487 0.0 0.0 0.0 1.0]
Frame:5, T_inverse:[0.49236561597708284 -0.8703871465120604 -0.0015271594636145714 0.02860811650932755 -0.000620430306675539 0.001403623759013746 -0.9999987774177432 -0.01680461207237414 0.8703882513242226 0.492365963967838 0.0001510914242997108 -0.32018352842137937 0.0 0.0 0.0 1.0]
Frame:6, T_inverse:[0.5372472469433301 -0.8434225947127436 -0.0018998168443967631 0.028973213310153848 -0.0008177541093886167 0.0017317778982680542 -0.9999980014031208 -0.016815587662851024 0.8434242935200987 0.5372476087257971 0.0002407590698409329 -0.32169123072402867 0.0 0.0 0.0 1.0]
Frame:7, T_inverse:[0.5806460724704686 -0.8141528619230485 -0.002269486101587415 0.029262790690928808 -0.001032844823843365 0.002051047203965242 -0.9999972300397948 -0.016826875970325065 0.8141553749494262 0.580646744770324 0.00035009187675004525 -0.3232159125638087 0.0 0.0 0.0 1.0]
Frame:8, T_inverse:[0.6224641582360205 -0.7826438396796267 -0.0026305673213174573 0.029467841792950984 -0.0012632427347526397 0.002356491088811352 -0.9999963679691792 -0.016838067116497133 0.7826472452064991 0.6224652219459008 0.00047819020499629015 -0.3247539462654292 0.0 0.0 0.0 1.0]
Frame:9, T_inverse:[0.6625718952416221 -0.7489923455967217 -0.0029855777611729347 0.029593770112960226 -0.0015097270545341578 0.0026505780800094953 -0.999995344304889 -0.016849489415925442 0.7489967926020129 0.6625733144062456 0.0006254251038547892 -0.32630065361377975 0.0 0.0 0.0 1.0]
Frame:10, T_inverse:[0.7008626574174859 -0.713288458535474 -0.003331462297978998 0.029638932562358025 -0.0017704937964117032 0.0029309121415775855 -0.9999941163744237 -0.01686101072118507 0.7132940209481861 0.7008643887846445 0.0007913005993473586 -0.3278517594458599 0.0 0.0 0.0 1.0]
Frame:11, T_inverse:[0.7372315208217091 -0.6756301782500089 -0.0036688122350596345 0.02960319428563254 -0.002046678545003954 0.003197031487794923 -0.9999926237226687 -0.01687223739087797 0.6756369873340472 0.7372335906075426 0.0009741938691433233 -0.32940317164410987 0.0 0.0 0.0 1.0]
Frame:12, T_inverse:[0.7715842399831279 -0.6361145229946593 -0.00399545227755878 0.029483910762760208 -0.002335696435338533 0.0034480153631790433 -0.999991179461244 -0.01688350930636799 0.6361227581489743 0.7715867203669855 0.0011747002400368037 -0.33095092289358174 0.0 0.0 0.0 1.0]
Frame:13, T_inverse:[0.8038124869586043 -0.5948671082022572 -0.0043121480192313735 0.029288917912813534 -0.0026377370459910055 0.0036846170458728466 -0.9999897178327269 -0.016894964816525623 0.5948768951683081 0.8038156305240963 0.0013926380525049365 -0.3324894640887327 0.0 0.0 0.0 1.0]
Frame:14, T_inverse:[0.8338504014144074 -0.5519711231804383 -0.004616394802368984 0.02900621569559999 -0.0029516914603135978 0.0039044485515374715 -0.9999879042756938 -0.01690615295550197 0.5519825046297124 0.833853921956091 0.0016264992271733177 -0.33401602363077165 0.0 0.0 0.0 1.0]
Frame:15, T_inverse:[0.8615897242562457 -0.5075815500897765 -0.00490824995127671 0.028651821699301458 -0.003277144194934767 0.004107105294313408 -0.9999861011614379 -0.01691702537562504 0.5075946817753462 0.8615938160200322 0.0018752386110845608 -0.335525491193886 0.0 0.0 0.0 1.0]
Frame:16, T_inverse:[0.886971105361987 -0.46179573355449194 -0.00518663784171318 0.02821678968561651 -0.003612358298749088 0.004293181271769329 -0.9999840763653531 -0.01692803175403695 0.4618107400371086 0.8869757078092657 0.002139773768967989 -0.3370143913522991 0.0 0.0 0.0 1.0]
Frame:17, T_inverse:[0.9099228631602113 -0.4147416504465225 -0.005450568319206385 0.027703448794988587 -0.0039568100948218715 0.004460871989154221 -0.9999821466825805 -0.0169386720687673 0.4147585750928146 0.9099282196994912 0.002418002190625957 -0.33847865867769633 0.0 0.0 0.0 1.0]
Frame:18, T_inverse:[0.9303803857112819 -0.3665512840760388 -0.005698995131210715 0.02711441912025592 -0.004308842057757618 0.004610573361723785 -0.9999800840072259 -0.016949266072649287 0.3665702537212176 0.930386426376779 0.002710173917707796 -0.3399141316470982 0.0 0.0 0.0 1.0]
Frame:19, T_inverse:[0.9482872763210172 -0.31735795390861143 -0.005932604329384827 0.026451666858570075 -0.004669204311650914 0.0047414391512201485 -0.9999778301579388 -0.016959454241360975 0.3173790584445785 0.9482939489093175 0.0030144384953447244 -0.3413166708541336 0.0 0.0 0.0 1.0]
Frame:20, T_inverse:[0.9635969158807539 -0.2672884989762783 -0.006149538019860709 0.025714187455139276 -0.005035487493367913 0.004853231806739267 -0.9999755273434263 -0.016969398075670036 0.2673118106225168 0.9636043266772941 0.003330632357955383 -0.34268293132064875 0.0 0.0 0.0 1.0]
Frame:21, T_inverse:[0.9762630624397923 -0.21649509340990908 -0.006350258196391331 0.024909261083103162 -0.005407615224470088 0.0049462043188486845 -0.9999731737143678 -0.016979188743058652 0.21652068503050267 0.976271202598004 0.0036580738896518465 -0.3440086048979869 0.0 0.0 0.0 1.0]
Frame:22, T_inverse:[0.9862527945815096 -0.1651143560098555 -0.006533490316186388 0.024038179714536242 -0.0057840585412513535 0.005019245363304114 -0.9999707360442661 -0.01698855105016367 0.16514230398385088 0.9862617104892402 0.0039952131702564305 -0.34529018142131296 0.0 0.0 0.0 1.0]
Frame:23, T_inverse:[0.9935420572823948 -0.11326645429801266 -0.006698609622835133 0.023096046932087128 -0.006163648587908411 0.005072635053390183 -0.9999680461092222 -0.01699761490360322 0.11329682728258723 0.9935516058347851 0.004341742117060813 -0.3465240063673123 0.0 0.0 0.0 1.0]
Frame:24, T_inverse:[0.9981078859754041 -0.06110457680853252 -0.006844998643276672 0.022089376301177226 -0.006545166548462037 0.0051057568257209494 -0.9999654827611791 -0.01700620197536553 0.061137421812759545 0.998118220139887 0.004696156405183114 -0.3477071470021168 0.0 0.0 0.0 1.0]
Frame:25, T_inverse:[0.999936962870759 -0.008801730771833162 -0.006973119126795338 0.02103132576785344 -0.006928243420005669 0.00511882720733727 -0.9999628101550178 -0.0170143816092964 0.008837098136826909 0.9999480612780568 0.0050575240379547816 -0.34883561338316266 0.0 0.0 0.0 1.0]
Frame:26, T_inverse:[0.9990260392558076 0.043552926466035057 -0.0070819610727770295 0.019906066690022383 -0.007311432610594991 0.005111844626595945 -0.999960107073786 -0.017022140040998234 -0.0435149909785097 0.9990379859815478 0.005425300016885474 -0.3499075023042511 0.0 0.0 0.0 1.0]
Frame:27, T_inverse:[0.99537646513864 0.09578238274654244 -0.0071710829093831335 0.018728234679370074 -0.007693427575831334 0.005085330900528051 -0.9999573872239088 -0.017029629834223747 -0.0957418477577918 0.9953892729100148 0.00579871404558091 -0.3509191351529297 0.0 0.0 0.0 1.0]
Frame:28, T_inverse:[0.9890013426241969 0.14772903230488876 -0.007240739389570818 0.01750636970484169 -0.00807354141676585 0.005038456509239798 -0.999954729409975 -0.01703651679770332 -0.1476858568024298 0.9890150956174368 0.006175736364781248 -0.3518677124398707 0.0 0.0 0.0 1.0]
Frame:29, T_inverse:[0.9799127443037471 0.19929334592762468 -0.007291075024303362 0.016228465897030104 -0.008451339464970039 0.004971876496149119 -0.9999518942442073 -0.017043016711317766 -0.1992475198316918 0.9799272236936398 0.006556302150683155 -0.35275098699136664 0.0 0.0 0.0 1.0]
Frame:30, T_inverse:[0.9681402937212523 0.25030134944051874 -0.007320744908116938 0.014909774782742274 -0.008824454902873667 0.004885928102361451 -0.9999490371240355 -0.017049064824244092 -0.2502528334689942 0.9681555548375841 0.0069390388004291256 -0.35356629387502064 0.0 0.0 0.0 1.0]
Frame:31, T_inverse:[0.9537142207051629 0.30062504439165544 -0.007330427139811853 0.013549637212012102 -0.00919244053050304 0.004779865558031383 -0.9999462334388192 -0.017054344592773017 -0.30057386573332234 0.9537303949435401 0.0073221067249311525 -0.3543115469362402 0.0 0.0 0.0 1.0]
Frame:32, T_inverse:[0.9366705102438069 0.35013537837667524 -0.007320210824430513 0.012148509292037533 -0.009554785154383716 0.004655113971109104 -0.9999434185036501 -0.01705928875099475 -0.3500815246068309 0.9366874168140178 0.007705782107367244 -0.35498467873655865 0.0 0.0 0.0 1.0]
Frame:33, T_inverse:[0.9170643224578181 0.39867258154048696 -0.007290232186353607 0.010719183283772414 -0.009910169281460718 0.004511221236785102 -0.9999406209691843 -0.01706358456823525 -0.398616042063243 0.9170821431940259 0.008088001196367564 -0.3555832410496792 0.0 0.0 0.0 1.0]
Frame:34, T_inverse:[0.894943831454845 0.4461200497976569 -0.007240389624405473 0.009259524356194895 -0.010257889625990965 0.004349326052324847 -0.9999378437788534 -0.017067517313783868 -0.4460608721338426 0.8949624953110777 0.008468659441066353 -0.35610593970647575 0.0 0.0 0.0 1.0]
Frame:35, T_inverse:[0.8703642578002574 0.49235621543235497 -0.007170179370657497 0.007769649790055828 -0.010596057456971593 0.004169221761343604 -0.999935126932875 -0.017070709484651 -0.49229439692984756 0.8703837447360813 0.008845783917124365 -0.35655175665584965 0.0 0.0 0.0 1.0]
Frame:36, T_inverse:[0.8434072885884905 0.5372280891117196 -0.007080179862563873 0.006264490232332563 -0.010924191734729393 0.003971966223888671 -0.9999324129131462 -0.017073393592903288 -0.5371636875215717 0.8434276337713488 0.009218770916049003 -0.3569192199223347 0.0 0.0 0.0 1.0]
Frame:37, T_inverse:[0.8141339349242179 0.5806352622853062 -0.006971039630641017 0.004738956324668643 -0.011241909329113347 0.0037578075437624575 -0.9999296476071933 -0.017075557645486916 -0.5805682831610401 0.8141550595195206 0.009586823134889845 -0.35720733152522344 0.0 0.0 0.0 1.0]
Frame:38, T_inverse:[0.7826317265352559 0.6224473966338585 -0.006842692081148531 0.0032019970415844336 -0.01154769384930176 0.0035271285082208816 -0.9999270411190817 -0.017077028782054478 -0.6223778756591385 0.7826536028172112 0.009948294110653734 -0.35741533078061527 0.0 0.0 0.0 1.0]
Frame:39, T_inverse:[0.7489894121098198 0.6625480971644427 -0.006695420027185609 0.001658853885073104 -0.01184114348457805 0.0032813071353954646 -0.9999244139906002 -0.017078084653109213 -0.6624761249636739 0.7490120593341486 0.010303010656051732 -0.35754262426850203 0.0 0.0 0.0 1.0]
Frame:40, T_inverse:[0.7132814842298687 0.7008472166463419 -0.00653049095987353 0.00010427024544912087 -0.01212141937493233 0.003019250397972917 -0.999921911758711 -0.017078263978361822 -0.7007728010427737 0.7133049495029373 0.010648851109620432 -0.357588854856645 0.0 0.0 0.0 1.0]
Frame:41, T_inverse:[0.6756194665052251 0.7372231687589308 -0.00634790307729546 -0.0014498028651959355 -0.012388035210987419 0.002742999517348399 -0.9999195319701878 -0.01707799041197787 -0.7371464264967121 0.6756437129044575 0.010985969253464452 -0.3575540430982804 0.0 0.0 0.0 1.0]
Frame:42, T_inverse:[0.6361136677030775 0.7715708006571245 -0.00614706328921428 -0.0029959008818779354 -0.01263916172162499 0.002454042789815275 -0.999917012315594 -0.017077147312679564 -0.7714917566235541 0.6361385667292728 0.01131309647908365 -0.35743807140420375 0.0 0.0 0.0 1.0]
Frame:43, T_inverse:[0.5948721778204574 0.8037984875271251 -0.005929593871234503 -0.004530482905068045 -0.012875323784230243 0.002152363521855853 -0.999914820956542 -0.017075874512619646 -0.8037172250338946 0.5948978048471407 0.011629537978060633 -0.3572408437514245 0.0 0.0 0.0 1.0]
Frame:44, T_inverse:[0.5519800878011205 0.8338377874013131 -0.005696492508635661 -0.006061554451859538 -0.01309477516113357 0.0018375197633791658 -0.9999124022729168 -0.017073564196271245 -0.8337543765071672 0.5520062327117016 0.011933265697623761 -0.3569632008764818 0.0 0.0 0.0 1.0]
Frame:45, T_inverse:[0.5075979846959842 0.861576737727857 -0.005446086490589946 -0.007566252104534635 -0.013297380990895459 0.001513766692910595 -0.9999103454199828 -0.017071075532139632 -0.8614913368024208 0.5076248392514308 0.012225158894419677 -0.3566063352805132 0.0 0.0 0.0 1.0]
Frame:46, T_inverse:[0.461803775492883 0.8869669427376317 -0.005182006249460309 -0.009058801278735295 -0.013483211477950082 0.0011782514055730942 -0.9999084186342888 -0.017067864240849672 -0.8868796249841923 0.4618313489414218 0.012503286668596176 -0.35617084768243235 0.0 0.0 0.0 1.0]
Frame:47, T_inverse:[0.41475267969601026 0.9099209562443964 -0.004903503874791832 -0.01052305133204629 -0.01365140727489158 0.0008340765012654185 -0.9999064539056279 -0.017064230986425583 -0.9098317300413648 0.41478077985492356 0.012767658060802017 -0.3556580519692564 0.0 0.0 0.0 1.0]
Frame:48, T_inverse:[0.36655901610226094 0.930383314842459 -0.004612240459710926 -0.011960746029614949 -0.013801001461379372 0.00048061235838472906 -0.9999045394891142 -0.01705979614216984 -0.9302924061576489 0.3665876274694509 0.013016444882862783 -0.35506933653561285 0.0 0.0 0.0 1.0]
Frame:49, T_inverse:[0.3173556640595226 0.9482966805534597 -0.004306833907830683 -0.01336733132017505 -0.013931880461405182 0.00012140460259152445 -0.9999027334729178 -0.01705502190933884 -0.9482041141657064 0.3173846754637758 0.013250220016427785 -0.3544061654379199 0.0 0.0 0.0 1.0]
Frame:50, T_inverse:[0.2673014350621749 0.9636045578120759 -0.003990451612331313 -0.014730340767489419 -0.014043664608808073 -0.00024493370483173195 -0.9999011704620917 -0.017049582587348823 -0.9635105129935341 0.2673309449990909 0.013467183654176932 -0.35367090759178477 0.0 0.0 0.0 1.0]
Frame:51, T_inverse:[0.21650523050690265 0.9762745669698579 -0.0036629194828407545 -0.016056489208901507 -0.014136625908596781 -0.0006165089837282559 -0.9998998416343006 -0.017043813732834184 -0.976179086179444 0.21653531099671666 0.013667765162346369 -0.35286506051187166 0.0 0.0 0.0 1.0]
Frame:52, T_inverse:[0.16511921513756958 0.9862679761688697 -0.003325654878303224 -0.017337361206890677 -0.014209372003748688 -0.0009926832097306682 -0.9998985447356056 -0.01703728839840184 -0.9861712010799027 0.16514969024037382 0.013850360311250792 -0.3519910247241925 0.0 0.0 0.0 1.0]
Frame:53, T_inverse:[0.1132578611222098 0.9935611701685091 -0.0029799493998776817 -0.018578715980356222 -0.014262682992288434 -0.0013731200717320925 -0.9998973190067211 -0.01703034591880152 -0.993463226488967 0.11328872844707766 0.014015334578855024 -0.35105005933870653 0.0 0.0 0.0 1.0]
Frame:54, T_inverse:[0.061111691142249916 0.9981272732137257 -0.002625720073511736 -0.019760159886758975 -0.014295831937531296 -0.00175488791784613 -0.9998960687020412 -0.017022942191424396 -0.9980283566706006 0.06114267978321974 0.014162012934363446 -0.35004615948369344 0.0 0.0 0.0 1.0]
Frame:55, T_inverse:[0.008798077457667206 0.9999587170786647 -0.002263126904782304 -0.020887463275094612 -0.014309711925218507 -0.0021370546963404755 -0.9998953195033479 -0.01701535328768679 -0.9998588900985161 0.008829515747041543 0.01429034584459315 -0.3489819268950418 0.0 0.0 0.0 1.0]
Frame:56, T_inverse:[-0.04355305269125049 0.9990493938104359 -0.0018949230041134654 -0.021962245198532362 -0.014303240770484815 -0.0025201354148181847 -0.9998946161094509 -0.017007248615401264 -0.9989488142362535 -0.043521288986948244 0.014399331336342596 -0.3478597074402459 0.0 0.0 0.0 1.0]
Frame:57, T_inverse:[-0.09577378013584784 0.9954019413512459 -0.0015226728851354438 -0.02297289961027289 -0.014275918570663857 -0.0029030909516760137 -0.9998938547150024 -0.01699846058986883 -0.9953007252619038 -0.09574190394047266 0.014488348527590098 -0.346683109891316 0.0 0.0 0.0 1.0]
Frame:58, T_inverse:[-0.14773401947804765 0.9890264361212586 -0.0011453669673742346 -0.023921375606626275 -0.014229101020942068 -0.003283366478890274 -0.9998933133395173 -0.016989446685827837 -0.9889247233520229 -0.14770200127381725 0.014558058772569486 -0.3454551604195309 0.0 0.0 0.0 1.0]
Frame:59, T_inverse:[-0.19929488451865723 0.9799392501188292 -0.0007647169899997937 -0.024806226813310257 -0.014162688167089528 -0.0036606210392494745 -0.9998929970004775 -0.016980168955380043 -0.9798371914754584 -0.1992627176503725 0.014608117226086358 -0.34417922086187025 0.0 0.0 0.0 1.0]
Frame:60, T_inverse:[-0.2503228889083253 0.968162470735794 -0.0003823573494601844 -0.025627789791535748 -0.014076408254005766 -0.004034512529449378 -0.9998929159216116 -0.016970519631197157 -0.9680602328839026 -0.2502905727576434 0.014638048029852782 -0.3428584370410408 0.0 0.0 0.0 1.0]
Frame:61, T_inverse:[-0.30063038893341065 0.9537405565698414 1.0638066183461673e-06 -0.026366293026653727 -0.013970726923673456 -0.0044025161673187764 -0.9998925921429935 -0.016960532397886398 -0.9536382370927567 -0.3005982472481944 0.014648123824497442 -0.3414976249673452 0.0 0.0 0.0 1.0]
Frame:62, T_inverse:[-0.35014555080864307 0.9366952341763479 0.00038388269410901825 -0.02704384407216295 -0.013845691092470011 -0.0047658526430269625 -0.9998927408182119 -0.016950334292364443 -0.9365929430136657 -0.3501133164378696 0.014637956349137818 -0.34009893214983433 0.0 0.0 0.0 1.0]
Frame:63, T_inverse:[-0.3986876792362671 0.9170863494600405 0.0007670759555390748 -0.027642537971626895 -0.01370208429095078 -0.00512035101507969 -0.9998929529548387 -0.01693979266717375 -0.9169843007537278 -0.39865560711186 0.014607501368360842 -0.33866665928154394 0.0 0.0 0.0 1.0]
Frame:64, T_inverse:[-0.4461424084493588 0.8949609616856365 0.0011472713148053993 -0.0281677368580502 -0.013540235680024259 -0.005467915138775855 -0.9998932028795127 -0.016929163165016088 -0.8948592483227958 -0.44611052555211095 0.014557706579125062 -0.33720479551551 0.0 0.0 0.0 1.0]
Frame:65, T_inverse:[-0.49235896398123147 0.8703909242710157 0.0015241791259985589 -0.028610260329927896 -0.013360251252486235 -0.005806611845331365 -0.9998938719476136 -0.01691836982030255 -0.8702897142066842 -0.4923270887522487 0.014487578995953362 -0.3357181340184015 0.0 0.0 0.0 1.0]
Frame:66, T_inverse:[-0.5372479948236198 0.8434221005881013 0.0018964672742078463 -0.028982668688494067 -0.013162372102236348 -0.006135907667444005 -0.9998945313375035 -0.016907335465779032 -0.8433215542750818 -0.5372163183803771 0.014397996500528986 -0.3342094969313531 0.0 0.0 0.0 1.0]
Frame:67, T_inverse:[-0.5806459240779861 0.8141527652098034 0.002264616616849037 -0.029268545306565745 -0.012947904703307936 -0.006452916396303442 -0.9998951847518517 -0.016896036385304118 -0.8140529710293588 -0.5806146298252189 0.014288649119020549 -0.33268429275756833 0.0 0.0 0.0 1.0]
Frame:68, T_inverse:[-0.6224581252407364 0.782648494393542 0.002626606701351689 -0.029476488992683115 -0.012717569942606295 -0.006758780509873783 -0.9998961624364314 -0.016884883515345395 -0.7825495867564066 -0.6224271101341305 0.01416059720550133 -0.33114600191992655 0.0 0.0 0.0 1.0]
Frame:69, T_inverse:[-0.662569331480405 0.748994444646267 0.0029805628464045697 -0.0296059241658107 -0.012470941281871427 -0.007052857555113037 -0.9998973002711071 -0.016873628178298017 -0.7488965782387449 -0.6625385962159905 0.014013799808538886 -0.32959872974380927 0.0 0.0 0.0 1.0]
Frame:70, T_inverse:[-0.7008634542142956 0.7132874388050832 0.00332698417266047 -0.02965379715781414 -0.01220937546275019 -0.00733277509039378 -0.9998984766498584 -0.016862167080661076 -0.7131906925379341 -0.700833102458881 0.013848269201230279 -0.32804693278113317 0.0 0.0 0.0 1.0]
Frame:71, T_inverse:[-0.737230595192854 0.6756314058906576 0.00366383506758716 -0.029617682782845885 -0.011933510073811921 -0.0075992814090610344 -0.9998999691452379 -0.016850884045963715 -0.6755359692147462 -0.7372004516415953 0.013664988147636711 -0.32649537412479324 0.0 0.0 0.0 1.0]
Frame:72, T_inverse:[-0.7715749995547545 0.6361257873655529 0.0039910499921751615 -0.029499351116809167 -0.011644279747021506 -0.007850279051138925 -0.9999013597649804 -0.016839536242933086 -0.6360317803733679 -0.7715453941837488 0.0134643443010891 -0.3249476853044118 0.0 0.0 0.0 1.0]
Frame:73, T_inverse:[-0.8038141170210562 0.5948647524496041 0.004306693787404444 -0.029305064013282325 -0.011341633561279822 -0.00808627751288609 -0.9999028854064905 -0.016828168725135227 -0.5947721849113939 -0.8037850484945039 0.01324675207150189 -0.3234072542239365 0.0 0.0 0.0 1.0]
Frame:74, T_inverse:[-0.833846782088207 0.5519766781504815 0.004611738482654859 -0.029028671618143945 -0.011028391926001578 -0.008305935236303545 -0.9999046844342091 -0.016817152811529627 -0.5518857457738947 -0.8338181618590166 0.013013319505315339 -0.32187956404184703 0.0 0.0 0.0 1.0]
Frame:75, T_inverse:[-0.8615895655402265 0.5075817782982028 0.004903305390730273 -0.028670473851265265 -0.01070325527078409 -0.008508878261236032 -0.9999064900180286 -0.016806080729157766 -0.5074926005845434 -0.8615615107617263 0.012763993668314917 -0.32036867388561924 0.0 0.0 0.0 1.0]
Frame:76, T_inverse:[-0.8869665723767449 0.4618044755516332 0.005181233934369358 -0.028230610118127553 -0.010368002554876098 -0.008694796034133976 -0.9999083889853502 -0.0167952399111873 -0.46171713798006486 -0.8869390812238185 0.0125000538039324 -0.3188789280807969 0.0 0.0 0.0 1.0]
Frame:77, T_inverse:[-0.9099230863206054 0.41474084660962157 0.005444948886764714 -0.02772073432918349 -0.010022880723452438 -0.008862274628163015 -0.9999103986327585 -0.01678430765879565 -0.4146554476155064 -0.9098962926261503 0.01222108997722129 -0.31741343090439006 0.0 0.0 0.0 1.0]
Frame:78, T_inverse:[-0.9303862203507303 0.36653595658592547 0.005693538061596877 -0.027136170832453305 -0.009669377566189843 -0.009011876398638952 -0.9999125404417484 -0.016773729201992972 -0.3664526219111013 -0.9303601143720285 0.011928914819857422 -0.31597674491761946 0.0 0.0 0.0 1.0]
Frame:79, T_inverse:[-0.9482862646388379 0.31736088752534297 0.005927532615960438 -0.02646556618027794 -0.00931008086369509 -0.009142866707238396 -0.9999148381448391 -0.016763599557324753 -0.3172796699318522 -0.9482607351285717 0.011624749397163122 -0.31457403640867865 0.0 0.0 0.0 1.0]
Frame:80, T_inverse:[-0.9635961663086 0.2672906787061389 0.00614499629570724 -0.02573088368382168 -0.00894376869218938 -0.00925461880318533 -0.9999170836843214 -0.016753590034323744 -0.2672116681864464 -0.9635714424836092 0.011308465593595182 -0.31320719893852905 0.0 0.0 0.0 1.0]
Frame:81, T_inverse:[-0.9762601559515589 0.21650711247680102 0.00634552211979018 -0.02491920358695592 -0.008572215976183187 -0.009346910171807476 -0.9999194304655054 -0.01674382442691735 -0.21643038773021286 -0.976236167599543 0.010981242065518147 -0.311881393769247 0.0 0.0 0.0 1.0]
Frame:82, T_inverse:[-0.9862536225610179 0.16510834705767152 0.006527563075872589 -0.02404646896617821 -0.008195016721848419 -0.009419854323042098 -0.9999219436819643 -0.01673436939485624 -0.16503398465714328 -0.9862303370772798 0.010643622643556812 -0.31059910894532283 0.0 0.0 0.0 1.0]
Frame:83, T_inverse:[-0.9935416419404586 0.11327021479689364 0.006692391895027543 -0.023103606113387156 -0.007815386924404748 -0.00947313031447598 -0.999924573317134 -0.016725355707838716 -0.11319827735678631 -0.9935190465348883 0.010297240062349644 -0.3093642425907063 0.0 0.0 0.0 1.0]
Frame:84, T_inverse:[-0.9981074146173986 0.06110856737610946 0.006839309020096573 -0.022101436799938083 -0.00743378553272533 -0.009506014310015501 -0.9999270246081067 -0.016716564239295302 -0.0610391022971015 -0.998085734935968 0.009942564188803505 -0.30818002044049775 0.0 0.0 0.0 1.0]
Frame:85, T_inverse:[-0.9999369287033522 0.008787775388636267 0.0069675232487680285 -0.021036099153600496 -0.007051131847260255 -0.009519268449928007 -0.9999297533406203 -0.016708353005637836 -0.008720832737655573 -0.999915953739119 0.009580825731468573 -0.30705029764520536 0.0 0.0 0.0 1.0]
Frame:86, T_inverse:[-0.9990259060307792 -0.04355749074844548 0.007075896951769617 -0.019913206966579812 -0.006667563527726801 -0.009512767001739676 -0.999932519211154 -0.01670061336775372 0.04362186562476607 -0.999005648217012 0.009213030746567862 -0.3059779537013872 0.0 0.0 0.0 1.0]
Frame:87, T_inverse:[-0.9953748052607295 -0.09579889011556872 0.007165034226839579 -0.018740473676643242 -0.00628491889790811 -0.00948564471047219 -0.9999351881559646 -0.016693223806250636 0.09586065118181077 -0.9953554752280689 0.008839794860881336 -0.3049655357373346 0.0 0.0 0.0 1.0]
Frame:88, T_inverse:[-0.9890001654303243 -0.14773660846269154 0.007235372486718044 -0.017503758163319703 -0.005905370258056524 -0.009439121143552123 -0.9999379540594394 -0.016686351783002353 0.1477957567732709 -0.9889816652342226 0.008462954406896117 -0.30401705986386046 0.0 0.0 0.0 1.0]
Frame:89, T_inverse:[-0.9799082086953586 -0.1993146602378976 0.00728466014193568 -0.016232747271437267 -0.005527338135692055 -0.009371696497441597 -0.9999406821709172 -0.016679689974008195 0.19937114462819924 -0.9798906118644384 0.008081989391256272 -0.3031334199703431 0.0 0.0 0.0 1.0]
Frame:90, T_inverse:[-0.9681366580677349 -0.2503154638736374 0.007314812821656139 -0.014907880327382411 -0.005154259731563731 -0.00928574784353741 -0.9999435908943123 -0.01667384063871977 0.2503692836345411 -0.9681197895312772 0.007699729683934033 -0.30231843204107617 0.0 0.0 0.0 1.0]
Frame:91, T_inverse:[-0.953706825917136 -0.30064853555538146 0.007324486744951926 -0.013547919017712781 -0.004785660233896937 -0.009180038750651006 -0.9999463457840898 -0.0166685010826335 0.3006996799180528 -0.9536908065193156 0.00731634115813113 -0.30157349426668845 0.0 0.0 0.0 1.0]
Frame:92, T_inverse:[-0.9366613409458663 -0.3501599136782655 0.007313769890321878 -0.012151606934916044 -0.0044228913077740215 -0.009054844374878647 -0.9999492282574336 -0.016663541960379724 0.35020834484148267 -0.9366461731660751 0.006932621361476503 -0.3009008285264137 0.0 0.0 0.0 1.0]
Frame:93, T_inverse:[-0.9170590271934376 -0.398684978034332 0.007284339142091985 -0.01071342505556153 -0.004068476160341466 -0.008911699593669485 -0.9999520086893912 -0.016659260309135587 0.39873074044375056 -0.9170446513211044 0.0065504970784801 -0.30030224720619647 0.0 0.0 0.0 1.0]
Frame:94, T_inverse:[-0.8949339508000665 -0.4461398873076149 0.007232489039726896 -0.009253258872051855 -0.003719997267625521 -0.008748353777344954 -0.9999547459044941 -0.01665526092487626 0.4461829887491832 -0.8949204110228054 0.006169647128832388 -0.2997791048381422 0.0 0.0 0.0 1.0]
Frame:95, T_inverse:[-0.8703615168266128 -0.49236067332036787 0.007163385282089216 -0.007763888625216136 -0.0033824174812437727 -0.008569115103989085 -0.9999574452866665 -0.0166521559570961 0.4924011522024065 -0.8703489788582167 0.005793082621728413 -0.29933343250111316 0.0 0.0 0.0 1.0]
Frame:96, T_inverse:[-0.8433997273423484 -0.5372396259498642 0.007073385777528399 -0.006255647883341561 -0.0030538844839887863 -0.00837128776104692 -0.9999601693990213 -0.016649436273973646 0.5372775436807976 -0.8433879370086693 0.0054199182114898275 -0.2989662669254344 0.0 0.0 0.0 1.0]
Frame:97, T_inverse:[-0.8141310426068694 -0.5806392720613578 0.006964231558134709 -0.004727996148553716 -0.00273649369742275 -0.00815668120780707 -0.9999629332128764 -0.016647293030708346 0.5806746165349036 -0.8141200403012379 0.005051753195173778 -0.29867876057828974 0.0 0.0 0.0 1.0]
Frame:98, T_inverse:[-0.7826218786610365 -0.6224596597258413 0.006835696911262093 -0.0031919852556265824 -0.002430221818999984 -0.007925779942660655 -0.9999655467337825 -0.016645810374664 0.6224924549715544 -0.78261168760972 0.00469028484055945 -0.29847137841120697 0.0 0.0 0.0 1.0]
Frame:99, T_inverse:[-0.7489756256463359 -0.6625638922290734 0.006689471476786518 -0.0016433481203148475 -0.0021372075080452026 -0.0076801229068921935 -0.9999682764632877 -0.016645051149880286 0.6625942571582324 -0.7489660378068649 0.004336110217794984 -0.29834493069130363 0.0 0.0 0.0 1.0]
Frame:100, T_inverse:[-0.713278093742037 -0.7008505983177066 0.006524462944928938 -8.96165321769223e-05 -0.0018575759449927108 -0.007418503420140171 -0.9999707199705168 -0.01664457331644195 0.7008785170379727 -0.7132694372581163 0.003989672829541328 -0.2982996587914526 0.0 0.0 0.0 1.0]
Frame:101, T_inverse:[-0.6756163398403242 -0.7372260283958402 0.006340419667457371 0.0014604062671931253 -0.001590806803989934 -0.007142238885411946 -0.9999731594767906 -0.016644934282116382 0.7372516138261263 -0.6756083841987722 0.0036526972827010534 -0.2983357492537044 0.0 0.0 0.0 1.0]
Frame:102, T_inverse:[-0.6361128280960412 -0.7715717662005365 0.0061404636951390805 0.0030104361625676646 -0.0013399767371599077 -0.006853531643146053 -0.9999756715873049 -0.01664583071848494 0.771595061061834 -0.6361054759366056 0.003325617232309643 -0.2984530620563571 0.0 0.0 0.0 1.0]
Frame:103, T_inverse:[-0.5948618412925061 -0.8038060887617716 0.00592300339657946 0.004550597362823738 -0.0011043122557431605 -0.006551251407823569 -0.9999779145494935 -0.01664723890879757 0.8038271156779901 -0.5948552822250212 0.0030094834552244687 -0.2986506161249157 0.0 0.0 0.0 1.0]
Frame:104, T_inverse:[-0.5519729092281342 -0.833842506462335 0.005689212518425749 0.006075797933481688 -0.0008845434257037017 -0.006237145613672693 -0.9999801033181014 -0.016649305470508465 0.8338614299456955 -0.5519670883452928 0.0027052743926782555 -0.2989286108198219 0.0 0.0 0.0 1.0]
Frame:105, T_inverse:[-0.5075783735416107 -0.8615883813675571 0.005440031488411781 0.00758675996951078 -0.0006815758703247072 -0.00591229923011272 -0.999982282306499 -0.016651988018130975 0.8616052621905437 -0.5075731152957622 0.002413741134766108 -0.29928626626200167 0.0 0.0 0.0 1.0]
Frame:106, T_inverse:[-0.4617858130186815 -0.8869763507029023 0.0051757591128544335 0.009074544380759636 -0.0004955960117274238 -0.005577150926101516 -0.9999843253941112 -0.016655288845749766 0.8869913147032055 -0.4617811745820902 0.0021358963582598306 -0.2997226118539259 0.0 0.0 0.0 1.0]
Frame:107, T_inverse:[-0.41473593852067947 -0.9099286436871618 0.004898648772718895 0.010540307836667517 -0.0003289107653472666 -0.005233584190100806 -0.9999862700373182 -0.016658865064633887 0.9099417838075816 -0.4147318392947366 0.0018712427345858066 -0.30023621119868965 0.0 0.0 0.0 1.0]
Frame:108, T_inverse:[-0.36655099653830014 -0.9303865784498674 0.004606475468114414 0.011977654261310403 -0.00017909924808652097 -0.004880525607164791 -0.9999880692065258 -0.01666320624650444 0.9303979666768403 -0.3665474501905275 0.0016223249051073986 -0.3008258714713353 0.0 0.0 0.0 1.0]
Frame:109, T_inverse:[-0.3173442799850628 -0.9483005247809622 0.004301311959376449 0.013376710867894331 -4.814445542235893e-05 -0.004519583263505853 -0.9999897033192064 -0.016668025341662267 0.9483103163228677 -0.31734131013093625 0.0013887007420113331 -0.3014901032447887 0.0 0.0 0.0 1.0]
Frame:110, T_inverse:[-0.26729222981509987 -0.9636073029780935 0.0039847945164433254 0.014746807915738151 6.398748950821944e-05 -0.0041530036898732945 -0.9999913910719157 -0.016673477874985635 0.9636154918935272 -0.2672896716465946 0.0011717228361771198 -0.30222653580322795 0.0 0.0 0.0 1.0]
Frame:111, T_inverse:[-0.216482170635685 -0.9762796287952186 0.0036573751910246558 0.016068783340694982 0.00015631991420324596 -0.003780812493735443 -0.9999927736332984 -0.016679357999093238 0.9762865099542586 -0.21648010267942833 0.0009711642292054082 -0.3030338533140465 0.0 0.0 0.0 1.0]
Frame:112, T_inverse:[-0.16509126357520296 -0.9862725789211211 0.003319806492005343 0.017350324326580544 0.00022930848380197578 -0.003404270615215585 -0.999994079923109 -0.01668575134771119 0.986278156479698 -0.1650896515608185 0.0007883002251033023 -0.30390939607472733 0.0 0.0 0.0 1.0]
Frame:113, T_inverse:[-0.1132545220947937 -0.9935615464126891 0.002974402617682533 0.018586374498876852 0.0002823655274612863 -0.00302585088551269 -0.999995354035983 -0.01669264693577985 0.9935659598076494 -0.1132531598516651 0.0006232376587212823 -0.30485013611093237 0.0 0.0 0.0 1.0]
Frame:114, T_inverse:[-0.06109556250299788 -0.9981285549554523 0.0026198616343065 0.019767838273752274 0.0003154850537736144 -0.0026441198399041323 -0.9999964855047294 -0.01669997512563147 0.9981319344358395 -0.06109447471447657 0.0004763912184920053 -0.30585445366675357 0.0 0.0 0.0 1.0]
Frame:115, T_inverse:[-0.008769774309247282 -0.9999589368831576 0.0022584293200040447 0.020895286140412434 0.00032867398628644995 -0.002261341269699029 -0.9999973411519242 -0.01670777150614689 0.9999614260152556 -0.008769066187777457 0.0003485499176991866 -0.306919212476793 0.0 0.0 0.0 1.0]
Frame:116, T_inverse:[0.04355626178879923 -0.9990491894862081 0.0018901490949929294 0.021972776428166644 0.0003219434245477277 -0.0018778925324398398 -0.9999981579740826 -0.016716038656128064 0.999050933230663 0.04355677312216694 0.0002398587833443897 -0.3080412930083601 0.0 0.0 0.0 1.0]
Frame:117, T_inverse:[0.09579330829115977 -0.9953999990443749 0.0015171386852336859 0.022980618041467546 0.00029472679267091646 -0.001495679247533103 -0.9999987487882568 -0.01672455552178334 0.995401091445545 0.0957935404854091 0.0001501903988534725 -0.3092185296858649 0.0 0.0 0.0 1.0]
Frame:118, T_inverse:[0.14775631663181596 -0.9890229227195387 0.0011391072883916418 0.023929001400521174 0.00024772709353534434 -0.001114475818778081 -0.9999991134912714 -0.01673357185891705 0.9890235166195623 0.14775624156951825 8.056212301618488e-05 -0.3104468524568788 0.0 0.0 0.0 1.0]
Frame:119, T_inverse:[0.19931743413521 -0.9799345228125466 0.0007607005552277744 0.024811666650296754 0.00018160970929122328 -0.0007391287235332437 -0.9999994801504052 -0.016742925568710078 0.9799347814495754 0.1993172970364694 3.081163889776535e-05 -0.3117232864100867 0.0 0.0 0.0 1.0]
Frame:120, T_inverse:[0.2502395420813373 -0.9681837899393086 0.00037787997915333905 0.025656775514765844 9.544272155201476e-05 -0.0003655110790344071 -0.9999998572489874 -0.016752667024283466 0.9681838683557551 0.2502394295119254 1.0294677366409326e-06 -0.31304186341995904 0.0 0.0 0.0 1.0]
Frame:121, T_inverse:[0.3034204280694851 -0.9528567913171008 -2.9163835812068504e-05 0.025456804367255743 -1.765394480197067e-05 2.500161182660904e-05 -0.9999999990638214 -0.0167641114884361 0.9528567918834 0.30342039901263923 -9.224212913651575e-06 -0.3146142395314159 0.0 0.0 0.0 1.0]
