Frame:1, T_inverse:[-0.12279817750713257 -0.8800753966594742 -0.45868072030035556 0.015501879125686695 0.014445004735361951 0.46054464119603006 -0.8875190557694643 -0.009103669878069024 0.9923265738789173 -0.1156113230632489 -0.04384137260020457 -0.37920327462468295 0.0 0.0 0.0 1.0]
Frame:2, T_inverse:[-0.11273597128726079 -0.8812018271668842 -0.45910106764062203 0.015505837098763058 0.014444815063322328 0.46054441421702874 -0.8875190790251015 -0.009103606814834426 0.9935199300515919 -0.10668701749025725 -0.039191085266078195 -0.3793605365264374 0.0 0.0 0.0 1.0]
Frame:3, T_inverse:[-0.10270756610673352 -0.8822332034464344 -0.4594730206397823 0.01552549980411434 0.014444809050609797 0.46054441546152813 -0.8875190177205546 -0.00910359833773054 0.9946065506727297 -0.0977920597442623 -0.03455761770865719 -0.37951707834333337 0.0 0.0 0.0 1.0]
Frame:4, T_inverse:[-0.09257388164081352 -0.8831833202634657 -0.45980140538277603 0.015507245318280532 0.014444858551848117 0.46054457565960755 -0.8875190812197633 -0.009103613695668731 0.995601075751546 -0.08880281978355932 -0.029876957000664547 -0.37967527956338 0.0 0.0 0.0 1.0]
Frame:5, T_inverse:[-0.08252069938367695 -0.8840345728392902 -0.46007919508825385 0.015521680125953528 0.014444882249429112 0.4605443963317254 -0.8875190408596181 -0.009103636076247841 0.9964844959204744 -0.07988461391689959 -0.02523458867692586 -0.3798318239584748 0.0 0.0 0.0 1.0]
Frame:6, T_inverse:[-0.07240782989339635 -0.8847994133694876 -0.46031187675625757 0.015514964288043222 0.014444978527100413 0.46054463288006575 -0.8875190158105828 -0.00910363430041466 0.9972704723229379 -0.07091254558064562 -0.020566111843807088 -0.37998953528211654 0.0 0.0 0.0 1.0]
Frame:7, T_inverse:[-0.062237337138667186 -0.8854763870536507 -0.4604975962782788 0.015487570001454917 0.014444859522642612 0.4605446105617608 -0.8875189714823709 -0.009103617159656241 0.9979568114930963 -0.06188867780713524 -0.015872464705300897 -0.3801476856964212 0.0 0.0 0.0 1.0]
Frame:8, T_inverse:[-0.05223739266706867 -0.8860518907526906 -0.4606331818399422 0.015526013523069156 0.01444482489571186 0.4605444826729086 -0.8875189662874121 -0.009103571807457238 0.9985300453162755 -0.05301561554076664 -0.011258670599110676 -0.38030305706577555 0.0 0.0 0.0 1.0]
Frame:9, T_inverse:[-0.04208812145439329 -0.8865448750325747 -0.46072418012955413 0.015507870353432205 0.014445164255232484 0.4605446322565655 -0.8875189953272818 -0.009103713873735125 0.9990095164486293 -0.044009227126164646 -0.006577183180905849 -0.3804606890284974 0.0 0.0 0.0 1.0]
Frame:10, T_inverse:[-0.03197130688388796 -0.886944952073457 -0.46076718096747576 0.015502322887216301 0.014444985599834866 0.46054472367680044 -0.887518921533732 -0.009103680252856221 0.9993843341332348 -0.03503097287160155 -0.001912272635596301 -0.3806175642840301 0.0 0.0 0.0 1.0]
Frame:11, T_inverse:[-0.021888780896291947 -0.8872532918128966 -0.4607628396522703 0.015509364600244638 0.014444948381172619 0.4605445174241021 -0.8875190035797396 -0.009103658135599877 0.9996560240144541 -0.02608244895220758 0.002735597447205244 -0.38077379872480277 0.0 0.0 0.0 1.0]
Frame:12, T_inverse:[-0.011700620393953398 -0.8874730054375979 -0.46071109076484146 0.015475664384055366 0.014444807627081646 0.4605445519429437 -0.8875190349327055 -0.009103589823684493 0.9998272067913645 -0.01703941700447976 0.007430727174157025 -0.38093150780423357 0.0 0.0 0.0 1.0]
Frame:13, T_inverse:[-0.001546177093310138 -0.8876002762392943 -0.46061177385953506 0.015453519195405076 0.014444679779927362 0.46054455731169563 -0.8875190062800774 -0.009103545461564213 0.9998943885959055 -0.008025744994595586 0.01210907521623441 -0.3810886488707089 0.0 0.0 0.0 1.0]
Frame:14, T_inverse:[0.008527860552709815 -0.8876360227043456 -0.46046660266026745 0.01546047084104596 0.014444883947475678 0.46054470537578485 -0.8875189497411949 -0.009103623907675794 0.999859207880102 0.0009171906065030093 0.016749297529725937 -0.38124421876768455 0.0 0.0 0.0 1.0]
Frame:15, T_inverse:[0.0187549702208122 -0.8875802273914168 -0.46027095913147065 0.015407196209485254 0.014444702693570606 0.46054454153615154 -0.8875190134718076 -0.009103536387365845 0.9997196644877796 0.009996808995695439 0.021458397595202263 -0.3814020966924707 0.0 0.0 0.0 1.0]
Frame:16, T_inverse:[0.028853708254570197 -0.8874339047719356 -0.4600309630272173 0.015400480394089977 0.014445016720145466 0.4605447157879799 -0.8875189850741096 -0.009103696611141424 0.9994792399753744 0.018963053198204283 0.026107424790806664 -0.381557802713527 0.0 0.0 0.0 1.0]
Frame:17, T_inverse:[0.03896617386924205 -0.8871965916130619 -0.45974322815864244 0.015385766213733828 0.01444506755869126 0.46054472312393346 -0.8875189795911084 -0.00910368903598389 0.9991360811269592 0.027942189366499393 0.030761284664474996 -0.3817137041704806 0.0 0.0 0.0 1.0]
Frame:18, T_inverse:[0.04909030301802862 -0.8868679936901763 -0.4594075638031641 0.015363534244743163 0.014444762090635286 0.4605443884726968 -0.8875191392960309 -0.009103570107384478 0.998689884442976 0.03693256153567168 0.03541885714507262 -0.3818694767132588 0.0 0.0 0.0 1.0]
Frame:19, T_inverse:[0.05922828064555267 -0.8864471657103862 -0.45902431097127044 0.015332521265853391 0.014444703966956296 0.46054451276485137 -0.8875190140680512 -0.009103558047760911 0.9981399245186113 0.04593572164974656 0.04008174859867181 -0.3820253614264435 0.0 0.0 0.0 1.0]
Frame:20, T_inverse:[0.06932849847326142 -0.8859367630837097 -0.45859503935328744 0.015312077790354432 0.0144447059240951 0.46054451162927806 -0.8875190295748907 -0.00910356367232327 0.9974892142799414 0.0549060285962176 0.04472599374854312 -0.3821804349111085 0.0 0.0 0.0 1.0]
Frame:21, T_inverse:[0.07939969915865493 -0.8853370981075809 -0.45812001497212285 0.01529843433045109 0.014444741391354605 0.4605445478058986 -0.8875190547136318 -0.00910356862999875 0.9967382030323031 0.06385131003540932 0.049355567746492704 -0.38233508790229775 0.0 0.0 0.0 1.0]
Frame:22, T_inverse:[0.08948549539089048 -0.8846453609533819 -0.4575967323397579 0.015274440737720326 0.014444964449939892 0.460544457956353 -0.8875190199660541 -0.00910366823768878 0.9958832796344887 0.07281003153676513 0.053990769019815546 -0.382489638692229 0.0 0.0 0.0 1.0]
Frame:23, T_inverse:[0.09953462371567157 -0.8838652701138028 -0.4570286227319476 0.01525950758361387 0.014445048480951947 0.46054458267098647 -0.8875190562060995 -0.009103684729306852 0.9949292914396033 0.08173711498305312 0.05860758181147834 -0.3826436305861949 0.0 0.0 0.0 1.0]
Frame:24, T_inverse:[0.10963561188780709 -0.8829893352408517 -0.4564094614340014 0.015218936912944897 0.014444781937258597 0.4605444715373513 -0.8875190184508952 -0.009103568154963012 0.9938667878997367 0.09071085897849698 0.06324672868367096 -0.38279811805993486 0.0 0.0 0.0 1.0]
Frame:25, T_inverse:[0.11966518618641646 -0.8820284358139562 -0.4557476025035855 0.0152001979931046 0.014444771729488458 0.4605444490923673 -0.8875190303397947 -0.009103584216029203 0.9927091007246536 0.09962185568400582 0.06785190540130205 -0.382951432985118 0.0 0.0 0.0 1.0]
Frame:26, T_inverse:[0.12983158266668285 -0.8809612839352743 -0.45502863734518656 0.015122421596009536 0.01444483436071515 0.4605445539032156 -0.8875190783478197 -0.009103623284237314 0.9914309159132291 0.10865524147017294 0.07251853606596603 -0.38310671673727936 0.0 0.0 0.0 1.0]
Frame:27, T_inverse:[0.13993219660311018 -0.8798077333716049 -0.45426563254036034 0.01506320918595524 0.01444485142181656 0.46054462106914973 -0.8875189660708559 -0.009103641726714138 0.9900556988655678 0.117630646885944 0.07715374375592564 -0.38326074665603277 0.0 0.0 0.0 1.0]
Frame:28, T_inverse:[0.14986522605633706 -0.8785824708366479 -0.45346772452176237 0.015061755609048606 0.014444714120565107 0.4605443154064948 -0.8875190593998843 -0.00910355874006353 0.9886008010501838 0.1264579154626763 0.08171052064336103 -0.3834120786410273 0.0 0.0 0.0 1.0]
Frame:29, T_inverse:[0.15985128301501353 -0.8772591956430901 -0.45261852836540933 0.015032357154171155 0.014444698458979999 0.4605443174893254 -0.8875190581647239 -0.009103535246511436 0.9870352721608346 0.13533296327107455 0.08629043632532077 -0.38356413509331966 0.0 0.0 0.0 1.0]
Frame:30, T_inverse:[0.16979876726022217 -0.8758495076197533 -0.4517252592906196 0.015010044581247071 0.014444773316029903 0.46054442262237383 -0.8875189990912097 -0.009103582823699122 0.9853727607609222 0.1441744212011909 0.09085141217935006 -0.3837154456943231 0.0 0.0 0.0 1.0]
Frame:31, T_inverse:[0.17981203654397035 -0.8743377923512482 -0.4507781686097198 0.014953673945139759 0.014444875897237659 0.46054464775419535 -0.8875189359512482 -0.009103634365567588 0.9835948972159644 0.1530751232096441 0.0954412004328254 -0.3838676194772608 0.0 0.0 0.0 1.0]
Frame:32, T_inverse:[0.18986921437286067 -0.8727254628654971 -0.4497776289013948 0.014871444811749244 0.01444469883850248 0.46054443862369554 -0.8875190990641042 -0.009103552016293856 0.9817030975198258 0.1620156105921248 0.10004948707845994 -0.3840202484173197 0.0 0.0 0.0 1.0]
Frame:33, T_inverse:[0.1998062403693543 -0.8710390328477575 -0.44874069417879625 0.01482691480627332 0.014444522344969254 0.4605443919463446 -0.8875190394850319 -0.009103472669920478 0.9797288511263812 0.1708499149322783 0.10460144858406349 -0.3841709022402771 0.0 0.0 0.0 1.0]
Frame:34, T_inverse:[0.2097571405583096 -0.869256927173792 -0.4476541003079921 0.014767335423790318 0.01444470473431951 0.4605444823943808 -0.88751906021423 -0.009103559166676621 0.9776467405684199 0.1796971721991155 0.10915869000644311 -0.38432160548081523 0.0 0.0 0.0 1.0]
Frame:35, T_inverse:[0.21963212987176095 -0.867395492884772 -0.44652753083916197 0.014727576168004889 0.014444766518119968 0.46054449280639537 -0.8875190987489622 -0.009103573504146123 0.9754758524743883 0.1884777529446221 0.11367966768324203 -0.3844710938096465 0.0 0.0 0.0 1.0]
Frame:36, T_inverse:[0.2295003755519461 -0.8654420736803544 -0.4453533027917444 0.014680205029424269 0.014444909086157547 0.46054456797491433 -0.8875190077239622 -0.009103650959404193 0.9732013634518876 0.19725284281884478 0.11819639344095012 -0.3846201677442295 0.0 0.0 0.0 1.0]
Frame:37, T_inverse:[0.23932044370101088 -0.8634051309320636 -0.4441363723141914 0.014640857400114709 0.014444816997793762 0.4605444819409333 -0.8875190411870966 -0.009103613632440279 0.9708331303444487 0.20598590921615928 0.12268948017199988 -0.38476843649867776 0.0 0.0 0.0 1.0]
Frame:38, T_inverse:[0.24908928683905424 -0.8612860811781704 -0.4428777649134452 0.014610654543759748 0.014444799659749673 0.46054445311046976 -0.8875190728191708 -0.009103587826754281 0.9683727729080731 0.21467418327363272 0.12715781859118824 -0.3849157722538319 0.0 0.0 0.0 1.0]
Frame:39, T_inverse:[0.2588763300318124 -0.8590694423356783 -0.4415685461260386 0.01456173637168868 0.01444487257735987 0.4605447247262366 -0.8875189853133189 -0.009103667788802203 0.9658024903233465 0.2233792592785279 0.1316332736624427 -0.38506322085769135 0.0 0.0 0.0 1.0]
Frame:40, T_inverse:[0.2687778978137015 -0.8567309198932933 -0.4401934664876539 0.014454806110167402 0.01444463684428968 0.46054440422094045 -0.8875190289936115 -0.009103528388413855 0.9630937389706765 0.23218694833286538 0.13615937999072214 -0.38521222644178704 0.0 0.0 0.0 1.0]
Frame:41, T_inverse:[0.2784443518074256 -0.8543540216676736 -0.4388028457085417 0.014429401905073615 0.014444873067862725 0.4605444533523115 -0.8875190704530325 -0.009103612832045237 0.9603436912185298 0.24078620131097014 0.14057705438099746 -0.38535755953531886 0.0 0.0 0.0 1.0]
Frame:42, T_inverse:[0.28813575025763083 -0.8518767940738962 -0.43735992741294694 0.014381241979588745 0.014444904867278433 0.46054469627210953 -0.8875189389176081 -0.009103648724709208 0.957480630446465 0.24940830088762386 0.14500468532138056 -0.38550318789957905 0.0 0.0 0.0 1.0]
Frame:43, T_inverse:[0.2978732312551968 -0.8492922617705517 -0.4358602728148648 0.014301103953465602 0.014444833343455064 0.46054463986309235 -0.8875190018438877 -0.009103617184172831 0.954496139291889 0.2580722177851339 0.14945180514148382 -0.3856492494493271 0.0 0.0 0.0 1.0]
Frame:44, T_inverse:[0.3075562192529967 -0.8466262727535075 -0.4343191542558423 0.014228941395329124 0.014444741857084768 0.460544513660024 -0.8875190727127604 -0.009103582954758573 0.9514202857448347 0.2666883819795388 0.15387262477788233 -0.385794365146396 0.0 0.0 0.0 1.0]
Frame:45, T_inverse:[0.3171367696033078 -0.8438932435605393 -0.4327451059320232 0.01418414576043689 0.01444475068070707 0.46054462298237325 -0.8875189525261328 -0.009103602012582796 0.9482697617567983 0.27521394755766865 0.15824550175614735 -0.38593773316990865 0.0 0.0 0.0 1.0]
Frame:46, T_inverse:[0.326760184494177 -0.8410520029578459 -0.43111383276790216 0.014107266086566558 0.01444461234510536 0.46054439767788796 -0.8875190175047224 -0.009103530199876992 0.9449967929910214 0.283778480212415 0.1626363062191881 -0.3860816108412087 0.0 0.0 0.0 1.0]
Frame:47, T_inverse:[0.336234260942368 -0.838159617345347 -0.42945902070487985 0.014076385775540736 0.014444864759381967 0.4605446140976574 -0.8875190297126425 -0.009103640674239149 0.9416675892136935 0.29221081300539703 0.16695797518058067 -0.386223164431999 0.0 0.0 0.0 1.0]
Frame:48, T_inverse:[0.34575033342595896 -0.8351583771792584 -0.42774660140791027 0.014012705353880404 0.014444722854739078 0.46054446217351286 -0.8875190705789006 -0.009103568448349404 0.9382153508363621 0.30068128572790215 0.1712970435768934 -0.3863651304640808 0.0 0.0 0.0 1.0]
Frame:49, T_inverse:[0.35530745053023555 -0.8320461544075964 -0.4259763026455018 0.013916011143371846 0.014444771886748965 0.4605446465603608 -0.8875190002328204 -0.009103612139463979 0.9346378494012919 0.30918897844925874 0.17565366792396536 -0.38650753891512024 0.0 0.0 0.0 1.0]
Frame:50, T_inverse:[0.3647446365134013 -0.8288756895240932 -0.4241773042423149 0.01385223811689039 0.01444468473615216 0.46054447300041607 -0.8875190658387647 -0.00910354207610639 0.9309955028321979 0.3175906695386113 0.179954005699515 -0.386648022623391 0.0 0.0 0.0 1.0]
Frame:51, T_inverse:[0.37414935265385046 -0.8256185910882159 -0.4223340889561146 0.013785149123198281 0.01444468601259543 0.46054447062523574 -0.8875190669898696 -0.009103553014238474 0.9272559284049785 0.3259641506506546 0.18423824763757132 -0.3867878227593055 0.0 0.0 0.0 1.0]
Frame:52, T_inverse:[0.3835377930655948 -0.8222690017788754 -0.4204431221129971 0.013707330289169435 0.01444475056831846 0.460544462271845 -0.8875190693947289 -0.00910358290477265 0.9234121665766352 0.3343238504560293 0.18851369488712408 -0.38692720500858047 0.0 0.0 0.0 1.0]
Frame:53, T_inverse:[0.392844818553691 -0.8188502085338999 -0.4185178620532686 0.013645839486949371 0.01444504079373007 0.4605447813907227 -0.8875189034727481 -0.009103755094402049 0.9194912876456754 0.34261166868805104 0.19275096977044148 -0.3870652361912281 0.0 0.0 0.0 1.0]
Frame:54, T_inverse:[0.4022190563756748 -0.8153069213606086 -0.4165265860814804 0.013537320920068575 0.014444909424917158 0.4605447032821242 -0.8875189352210032 -0.009103677686338692 0.9154294731901532 0.3509603240168343 0.1970168896530352 -0.3872041391093886 0.0 0.0 0.0 1.0]
Frame:55, T_inverse:[0.41140257193564056 -0.8117371014636298 -0.41452485610802225 0.013490694218874468 0.014444932683611337 0.46054483181132466 -0.887518925391011 -0.00910371070385996 0.9113392683016313 0.35913976454692936 0.20119481490071597 -0.3873400156692002 0.0 0.0 0.0 1.0]
Frame:56, T_inverse:[0.4206663522941575 -0.8080359965671531 -0.41245316180030905 0.013390703912549163 0.014444472082697045 0.4605443384621447 -0.8875191452632677 -0.009103453068597198 0.9071004132868922 0.3673917372798485 0.20540717505563844 -0.3874768374135505 0.0 0.0 0.0 1.0]
Frame:57, T_inverse:[0.4298287587973152 -0.8042748225310474 -0.4103523732146995 0.01331420408104071 0.014444582009662508 0.46054453641945214 -0.8875189441736623 -0.009103552474326024 0.9027947351424066 0.37555369607666583 0.20957275031102895 -0.3876120385160826 0.0 0.0 0.0 1.0]
Frame:58, T_inverse:[0.43893310313721895 -0.8004372713410641 -0.40821304505386785 0.013242344300097693 0.01444487767392563 0.4605447282593119 -0.8875189831393294 -0.009103677290371391 0.8984035936485951 0.38366487883522704 0.21371055232791464 -0.387746405549471 0.0 0.0 0.0 1.0]
Frame:59, T_inverse:[0.4480273820886177 -0.7965026747273775 -0.4060232400279818 0.01315402766027436 0.014444755086269329 0.46054465009810763 -0.8875189383534237 -0.009103614713240251 0.8939030620371918 0.3917678545179033 0.21784192551375076 -0.38788019322 0.0 0.0 0.0 1.0]
Frame:60, T_inverse:[0.45702970454615266 -0.7925066846964839 -0.40380304764538427 0.013084232509320523 0.014444590973384618 0.4605444876156899 -0.8875190610691377 -0.009103518714143251 0.8893340683043508 0.3997897295196727 0.22192996098157722 -0.3880125968272934 0.0 0.0 0.0 1.0]
Frame:61, T_inverse:[0.46606117608688263 -0.7883949665945437 -0.40152235816679444 0.01298002018278132 0.014444677613303926 0.4605444806320542 -0.8875189857882989 -0.009103561621573613 0.884634459223015 0.40783821565066775 0.22603007767164227 -0.38814519820061477 0.0 0.0 0.0 1.0]
Frame:62, T_inverse:[0.4750095677647339 -0.7842178533534138 -0.3992092402705693 0.01288979731842217 0.014444637817697838 0.4605445633530507 -0.8875188970409041 -0.00910356710459173 0.8798619363102549 0.41581343226487016 0.23009088587754165 -0.38827638667293984 0.0 0.0 0.0 1.0]
Frame:63, T_inverse:[0.483879270416225 -0.7799746294770487 -0.3968629648413831 0.012811439161684377 0.014444707927136115 0.46054453799933676 -0.8875189236418374 -0.009103586459034647 0.8750153937670789 0.4237193428077713 0.23411451890750423 -0.3884062627384484 0.0 0.0 0.0 1.0]
Frame:64, T_inverse:[0.4927522338455478 -0.7756255311220542 -0.3944620063692726 0.01270844763577751 0.014444979896276099 0.46054478846044816 -0.8875189021898604 -0.009103725406051625 0.8700497435176873 0.431628918512943 0.23813836153158602 -0.38853610755272944 0.0 0.0 0.0 1.0]
Frame:65, T_inverse:[0.5015382035849452 -0.7712144799376193 -0.3920300508352145 0.012620146698439937 0.014444819345270477 0.4605447353383399 -0.8875189057247673 -0.00910367725794398 0.8650148811771613 0.4394618248270412 0.24212084232948114 -0.3886644342034514 0.0 0.0 0.0 1.0]
Frame:66, T_inverse:[0.5102942591829728 -0.7667132466621563 -0.38955171390383797 0.01252072547250669 0.014444886686525391 0.46054468224121764 -0.8875189622774277 -0.009103663347903204 0.8598785523943262 0.4472687977913705 0.24608840147598351 -0.3887921179461066 0.0 0.0 0.0 1.0]
Frame:67, T_inverse:[0.5189539660668273 -0.7621562344279301 -0.38704604402727627 0.012440147746431386 0.014444759863393232 0.4605445370094111 -0.8875190444899995 -0.00910360012327473 0.8546801375855939 0.45499075943680684 0.2500105886114798 -0.3889183856198662 0.0 0.0 0.0 1.0]
Frame:68, T_inverse:[0.5275991322989586 -0.7575005139284882 -0.3844895334468034 0.012340673665620971 0.014444679074964575 0.46054458666542863 -0.8875190656175719 -0.009103579185911152 0.8493706709558194 0.46270043538091965 0.2539247683370262 -0.3890440981413877 0.0 0.0 0.0 1.0]
Frame:69, T_inverse:[0.5362052389202406 -0.752758269081576 -0.3818886618765046 0.012232846263424111 0.014444937903389963 0.460544729569402 -0.8875189655748603 -0.009103711003834225 0.8439640263874832 0.4703759595307071 0.2578200252399282 -0.3891690795179532 0.0 0.0 0.0 1.0]
Frame:70, T_inverse:[0.5446704596874113 -0.7479870594962569 -0.3792749438471939 0.01216340914020186 0.014444865004806146 0.46054460110852774 -0.8875190363427641 -0.009103648984520485 0.8385257292850934 0.4779268146794335 0.26164962681853715 -0.38929182109936694 0.0 0.0 0.0 1.0]
Frame:71, T_inverse:[0.5531110522385894 -0.7431222644642095 -0.3766131801965496 0.01207847999415311 0.014444642661933535 0.46054452296747145 -0.8875190864022118 -0.009103561971710299 0.832982287119234 0.4854565965704904 0.26546640857306814 -0.38941415262101786 0.0 0.0 0.0 1.0]
Frame:72, T_inverse:[0.5615683923992895 -0.7381380347455941 -0.3738892808751064 0.011957721620047709 0.014444621651310016 0.46054463801505874 -0.8875190247900308 -0.00910357951938472 0.8273042299097855 0.49300191417409805 0.2692894383461942 -0.3895363765118784 0.0 0.0 0.0 1.0]
Frame:73, T_inverse:[0.5698857724012987 -0.7331270259362984 -0.37115363027365605 0.011874564191061837 0.01444490217724224 0.4605447756560097 -0.8875189271252341 -0.009103721216959711 0.8215969526500576 0.5004231063390433 0.2730478266682855 -0.38965646724586017 0.0 0.0 0.0 1.0]
Frame:74, T_inverse:[0.5782091896736293 -0.728001472424279 -0.36835822855256206 0.011759564543861746 0.014444642889241827 0.4605445332690331 -0.8875189121600737 -0.009103568473509958 0.815760540448258 0.5078506755252169 0.2768068805736637 -0.3897763616350294 0.0 0.0 0.0 1.0]
Frame:75, T_inverse:[0.5864697334175222 -0.722802731891475 -0.3655262602126141 0.011644918327134149 0.014444910620368344 0.46054474651506966 -0.887518956937589 -0.009103707041377364 0.8098423247976536 0.515222961467025 0.28053636298878776 -0.3898954094458123 0.0 0.0 0.0 1.0]
Frame:76, T_inverse:[0.594568014479233 -0.7175954323254977 -0.36269222231189713 0.011578332516594455 0.014444748425438577 0.4605445266738305 -0.8875190655496807 -0.009103597262033553 0.8039155571790575 0.5224514366677505 0.28419052819725593 -0.3900117587369512 0.0 0.0 0.0 1.0]
Frame:77, T_inverse:[0.6027748857781878 -0.7122038901345988 -0.3597608289524155 0.011428126707062744 0.014444570385055032 0.4605444404413981 -0.8875189501029841 -0.009103554593138594 0.7977803764026085 0.5297775143992319 0.2878921770696636 -0.39012942879967755 0.0 0.0 0.0 1.0]
Frame:78, T_inverse:[0.6107726125461538 -0.7068365564174522 -0.3568457145701045 0.011348796292117722 0.014444901698497645 0.4605447997620359 -0.8875188985378322 -0.009103716420466819 0.7916742394409714 0.5369175982470223 0.29149832095157474 -0.39024402074929787 0.0 0.0 0.0 1.0]
Frame:79, T_inverse:[0.6187578019105862 -0.7013635089495385 -0.35387563928272636 0.011243719019703814 0.014444933515015426 0.4605447476731739 -0.8875188801973071 -0.00910372180714128 0.7854489316379341 0.5440475474412864 0.29509682155670547 -0.3903581788881276 0.0 0.0 0.0 1.0]
Frame:80, T_inverse:[0.6267238900659948 -0.6957872356023652 -0.3508521896395472 0.011115372285894584 0.014444650658734452 0.46054435702255436 -0.8875191298154441 -0.009103530279727004 0.7791075190419139 0.5511614949717158 0.29868455975107816 -0.3904719891421541 0.0 0.0 0.0 1.0]
Frame:81, T_inverse:[0.6345835792841998 -0.6901685339545878 -0.34780889673458115 0.011006694501724245 0.014444667256831368 0.4605445972021874 -0.8875189845452597 -0.009103607758169416 0.7727192155181937 0.5581809770148624 0.30222331165001387 -0.39058397306638326 0.0 0.0 0.0 1.0]
Frame:82, T_inverse:[0.6423547054516037 -0.6844964310100791 -0.34473905038279773 0.010908883410132972 0.014444660965558161 0.46054455507025327 -0.8875190374854901 -0.009103585294856286 0.7662713314725509 0.5651223739063025 0.30572030619325696 -0.3906945469681889 0.0 0.0 0.0 1.0]
Frame:83, T_inverse:[0.650111537051008 -0.6787160307520688 -0.3416131581188138 0.010783614690619432 0.01444476841618303 0.46054445452885506 -0.8875190739255353 -0.009103587528039293 0.759701452703738 0.572051901885073 0.30920915848423663 -0.39080464348470456 0.0 0.0 0.0 1.0]
Frame:84, T_inverse:[0.6578221467598085 -0.6728492206647132 -0.3384433524287849 0.010646360260652282 0.014444957728880837 0.4605446609431894 -0.8875189712483511 -0.009103694082810025 0.7530347321722202 0.5789408581787129 0.3126757754019944 -0.39091393364529076 0.0 0.0 0.0 1.0]
Frame:85, T_inverse:[0.665336049454825 -0.6670132580292152 -0.33529271875807654 0.010575238465001248 0.014444666937316516 0.46054446054147874 -0.8875190737000459 -0.009103561580270899 0.7464042332194886 0.5856552603953928 0.31605162446876983 -0.391020367677802 0.0 0.0 0.0 1.0]
Frame:86, T_inverse:[0.6729471053776395 -0.6609789192116612 -0.3320377408447102 0.01041635461432879 0.014444779692391902 0.4605447436701629 -0.8875189469140642 -0.009103680168738122 0.7395495254978032 0.5924570610174725 0.31946997464522797 -0.39112773115020594 0.0 0.0 0.0 1.0]
Frame:87, T_inverse:[0.6803760087990451 -0.6549665780382978 -0.3287966195602269 0.010315891588623236 0.014444665052356677 0.4605443108095467 -0.8875191687687691 -0.009103522385942826 0.7327207986291231 0.5990973889778256 0.32280410282511873 -0.3912324151690263 0.0 0.0 0.0 1.0]
Frame:88, T_inverse:[0.6877540757035221 -0.6488720084794483 -0.3255140907751088 0.01020433718695227 0.014444752586121204 0.46054445794553733 -0.8875190566422777 -0.009103598671575919 0.7258000000316617 0.6056928864861715 0.32611414938639866 -0.3913361771146803 0.0 0.0 0.0 1.0]
Frame:89, T_inverse:[0.6950781312762626 -0.6426971209143744 -0.32219063116642804 0.0100829195481873 0.014444772825820398 0.4605444841174786 -0.8875190420498317 -0.009103610444320315 0.7187890531341596 0.6122411076536244 0.32939802882832614 -0.39143900138802035 0.0 0.0 0.0 1.0]
Frame:90, T_inverse:[0.7023063466165061 -0.6364773137173799 -0.31884540958184143 0.009973963299322208 0.014444845817475621 0.4605444966673101 -0.8875190334249715 -0.009103640127748556 0.7117282383105902 0.6187046277302654 0.33263715550096734 -0.3915402667636233 0.0 0.0 0.0 1.0]
Frame:91, T_inverse:[0.7094950700940567 -0.6301638246304536 -0.315452505085464 0.009845920009845709 0.014444851173784006 0.46054473330612666 -0.8875189658356084 -0.009103682008195236 0.7045623174863602 0.6251336172449701 0.3358568331627935 -0.39164066815652016 0.0 0.0 0.0 1.0]
Frame:92, T_inverse:[0.7166052309998525 -0.6237904719368291 -0.3120292735130683 0.009720021879994704 0.014444712109553441 0.4605443645253266 -0.8875190164371978 -0.009103586305067324 0.6973293218547434 0.6314935180266278 0.3390390018891973 -0.39173988139635313 0.0 0.0 0.0 1.0]
Frame:93, T_inverse:[0.7237096398797623 -0.6172900766455874 -0.3085404792464368 0.00955443337332864 0.014444658737143361 0.4605442716293192 -0.8875190533008245 -0.009103505087871602 0.6899533694079316 0.6378492971630605 0.3422169098233718 -0.39183879277854033 0.0 0.0 0.0 1.0]
Frame:94, T_inverse:[0.7305807019857713 -0.6108734236532726 -0.30509912322247434 0.009478240792147676 0.014444605427193304 0.46054431219294456 -0.8875191545114713 -0.009103489858045523 0.6826735637001465 0.6439972836459406 0.3452886344051164 -0.39193419293578274 0.0 0.0 0.0 1.0]
Frame:95, T_inverse:[0.7374727261010655 -0.6043048105241077 -0.30157852926081324 0.009346379833239448 0.014444801779818751 0.4605446246740483 -0.8875190261437552 -0.009103656184303286 0.6752224062937994 0.6501648459682622 0.34836817728770714 -0.39202967159680135 0.0 0.0 0.0 1.0]
Frame:96, T_inverse:[0.7442635254156859 -0.5976988196758604 -0.2980399646815383 0.009228478584741462 0.014444677395540333 0.4605444164183951 -0.8875190357146961 -0.009103557236295752 0.6677297777583909 0.6562429669471768 0.35140001760454553 -0.3921234332879373 0.0 0.0 0.0 1.0]
Frame:97, T_inverse:[0.7510312775183157 -0.5909785134670152 -0.29444255638049005 0.0090781045677307 0.014444752254590952 0.460544434243523 -0.8875191000887181 -0.009103592302106089 0.6601085799462557 0.6623014414844571 0.354419807274059 -0.39221681228070976 0.0 0.0 0.0 1.0]
Frame:98, T_inverse:[0.7576902667441173 -0.5842281646611396 -0.2908313699623279 0.008945201694310099 0.014444739592538723 0.46054443072256934 -0.8875191026826976 -0.009103581000432973 0.6524544134324421 0.6682636468552481 0.3573890677194186 -0.392308388350793 0.0 0.0 0.0 1.0]
Frame:99, T_inverse:[0.7642548329970763 -0.5774349133865252 -0.2871993149576068 0.008821331714685916 0.014444705689816295 0.46054428706350065 -0.8875191046476584 -0.009103501104027405 0.644752584077376 0.6741422195121202 0.36031407793263376 -0.39239836546653367 0.0 0.0 0.0 1.0]
Frame:100, T_inverse:[0.7706944432706365 -0.5706322439223352 -0.2835646069987545 0.008725516761471102 0.0144448080903165 0.46054450457487567 -0.8875190152742408 -0.009103608586644158 0.6370410799029357 0.6799099919062193 0.3631817772993518 -0.39248645155407763 0.0 0.0 0.0 1.0]
Frame:101, T_inverse:[0.7771335293681138 -0.5636877271349918 -0.279856333346109 0.008580480973863758 0.014444521508768257 0.4605443333726117 -0.8875191466603051 -0.0091034770323491 0.6291699028980867 0.6856785211156747 0.36604666285464205 -0.39257441620937433 0.0 0.0 0.0 1.0]
Frame:102, T_inverse:[0.7834808115140447 -0.5566976875765381 -0.27612580476570087 0.008441832743895298 0.014444822624158327 0.460544669393557 -0.8875189710934084 -0.009103671640763918 0.6212480595483524 0.6913654790180395 0.3688693089025356 -0.39266074524592 0.0 0.0 0.0 1.0]
Frame:103, T_inverse:[0.7897444781810136 -0.5496535734530323 -0.2723684254981466 0.00830396470729807 0.014444706157482159 0.4605443962200628 -0.8875190604952765 -0.009103577743143937 0.6132658138164552 0.6969789720851788 0.37165200700658446 -0.39274570869161884 0.0 0.0 0.0 1.0]
Frame:104, T_inverse:[0.7959125377066816 -0.5425693140872773 -0.26859212959377043 0.008174608318859168 0.01444475051864468 0.46054463121881123 -0.8875190087234089 -0.009103662076844184 0.6052392455761209 0.7025077386672164 0.3743905412799565 -0.3928290915427745 0.0 0.0 0.0 1.0]
Frame:105, T_inverse:[0.802025393493785 -0.5353982940975015 -0.264771549743286 0.008027233057019962 0.014444894766171591 0.46054488544440314 -0.8875188832429739 -0.0091037814380417 0.5971152283286401 0.7079880687353517 0.3771024373373258 -0.3929116016117799 0.0 0.0 0.0 1.0]
Frame:106, T_inverse:[0.8080299248108261 -0.5282026801677858 -0.260939858304916 0.007895807892118509 0.014444638491476758 0.4605444642946356 -0.8875190727308099 -0.009103561685888764 0.5889643830698058 0.7133728140264524 0.3797634075891831 -0.3929922594708573 0.0 0.0 0.0 1.0]
Frame:107, T_inverse:[0.8139531976430727 -0.5209508716332285 -0.25708042776913587 0.007762514777920901 0.014444761639094382 0.4605445839241172 -0.887519064574645 -0.009103620969236078 0.5807508298334876 0.7186854989589427 0.38238675147741374 -0.393071593732017 0.0 0.0 0.0 1.0]
Frame:108, T_inverse:[0.819742360579503 -0.5137097695734011 -0.2532286759012542 0.007662909875892673 0.014444807773066254 0.46054461611096076 -0.8875190149945943 -0.009103668401593212 0.5725502951782573 0.7238790416371114 0.38494837401549603 -0.3931489294983732 0.0 0.0 0.0 1.0]
Frame:109, T_inverse:[0.8255400301053203 -0.5062990658316594 -0.2492887240813559 0.007498947348397623 0.014444727771109203 0.46054445605707484 -0.8875190580412571 -0.009103576174754024 0.5641586149554739 0.729081585573434 0.3875112630641927 -0.39322612181400596 0.0 0.0 0.0 1.0]
Frame:110, T_inverse:[0.8312382397625311 -0.4988536021534489 -0.24533259249747408 0.0073439930709460885 0.01444477357628202 0.46054468864977544 -0.8875189318186336 -0.009103701983379182 0.5557286785474036 0.7341958816787965 0.3900281927883843 -0.3933016716086221 0.0 0.0 0.0 1.0]
Frame:111, T_inverse:[0.8368135327769199 -0.491406213518433 -0.24137729358284574 0.007214542942306435 0.01444484956179374 0.46054479104182494 -0.8875188892651358 -0.00910374448031555 0.5472973505970893 0.7392011388919183 0.3924884133154289 -0.393375290209357 0.0 0.0 0.0 1.0]
Frame:112, T_inverse:[0.8423328037431238 -0.48386794698358526 -0.237375598264152 0.007062752483994537 0.01444458090038517 0.460544321050433 -0.8875189991297002 -0.009103510858033573 0.5387640472560419 0.7441575537946137 0.3949208647005288 -0.39344791599163015 0.0 0.0 0.0 1.0]
Frame:113, T_inverse:[0.8477432266367497 -0.47631045657285503 -0.2333660345661721 0.00692654925531357 0.014444780190720556 0.46054470355349186 -0.887518939532999 -0.009103685636757439 0.5302100858059922 0.7490172908000661 0.39730385213345976 -0.3935189796216486 0.0 0.0 0.0 1.0]
Frame:114, T_inverse:[0.8530465572461131 -0.46873356868260746 -0.22934779895552218 0.00680481249355428 0.014444688421734781 0.46054434848633596 -0.8875191329786071 -0.009103530030063972 0.5216348665828158 0.7537822473719946 0.39963646378688944 -0.39358817880631813 0.0 0.0 0.0 1.0]
Frame:115, T_inverse:[0.858305555995655 -0.4610462087700184 -0.22527317779565828 0.006649948672135921 0.014444678026920092 0.4605443620937232 -0.8875191109402768 -0.009103541002631018 0.5129356196911112 0.7585085636502875 0.40194743645677533 -0.3936565249058432 0.0 0.0 0.0 1.0]
Frame:116, T_inverse:[0.863464924974514 -0.4533276620043148 -0.2211839337417236 0.00650302832552854 0.014444629375854072 0.46054421061525513 -0.8875192091315187 -0.009103485692133652 0.5042019840592562 0.7631468047687282 0.40421193951928264 -0.39372339940706075 0.0 0.0 0.0 1.0]
Frame:117, T_inverse:[0.8684899460451215 -0.4456329820623428 -0.21710934240760463 0.0063913589494458715 0.01444467416705881 0.46054438003075243 -0.8875190707354749 -0.009103539842271913 0.4954963029080575 0.7676653112165525 0.4064152040688937 -0.3937881293023037 0.0 0.0 0.0 1.0]
Frame:118, T_inverse:[0.8734949763939551 -0.4377856440816852 -0.2129559607274658 0.006224285132495642 0.014444751965196624 0.4605447521617088 -0.8875189436259056 -0.009103726683338503 0.48661880985818545 0.7721672194526191 0.40860724436828927 -0.3938522887936203 0.0 0.0 0.0 1.0]
Frame:119, T_inverse:[0.8783954698408671 -0.42991542641544783 -0.20879216267833592 0.006067956771295884 0.014444710196596447 0.4605445291113303 -0.8875190812206408 -0.00910360006237102 0.4777162115594738 0.7765767955570685 0.41075020568698084 -0.3939148152395021 0.0 0.0 0.0 1.0]
Frame:120, T_inverse:[0.8831780868930925 -0.42204594211012525 -0.20463067512097086 0.0059337165641952325 0.014444801263492173 0.46054454771485104 -0.8875190217351786 -0.009103635232717257 0.46881536438507415 0.780881483428222 0.4128392384284475 -0.3939755783133103 0.0 0.0 0.0 1.0]
Frame:121, T_inverse:[0.8879213502946133 -0.41404651791186126 -0.20040250407695848 0.005755395763426226 0.014444703454316142 0.460544445510535 -0.8875190801930505 -0.009103583454940679 0.4597684550501402 0.7851523523101948 0.4149080184460044 -0.39403544152271547 0.0 0.0 0.0 1.0]
Frame:122, T_inverse:[0.8924739591455927 -0.40617540817070746 -0.1962439451891867 0.005662109080859807 0.014444537883328102 0.46054417880743653 -0.8875190613557152 -0.00910347524658849 0.45086751928685603 0.7892529744358592 0.41689073396869514 -0.3940925766946716 0.0 0.0 0.0 1.0]
Frame:123, T_inverse:[0.8970073210255757 -0.39813816134223 -0.19199958536897774 0.005505767456427671 0.014444658526534555 0.4605443710721519 -0.8875191071746261 -0.009103562130785479 0.4417795713728618 0.7933377997358981 0.4188626369525695 -0.39414919904680196 0.0 0.0 0.0 1.0]
Frame:124, T_inverse:[0.9014495126773076 -0.39005724455450225 -0.1877340293312318 0.005347709473019444 0.014444746352140502 0.46054456048175957 -0.8875190169740729 -0.00910363670311205 0.4326431229551277 0.7973418267417889 0.42079196302934774 -0.39420432419907653 0.0 0.0 0.0 1.0]
Frame:125, T_inverse:[0.9057648646467369 -0.38200006899978645 -0.1834828358936905 0.005220442852181135 0.014444731736876153 0.4605445278268493 -0.8875190656322353 -0.009103631314719949 0.42353434172918425 0.8012332289202861 0.42266294040092606 -0.3942575924099419 0.0 0.0 0.0 1.0]
Frame:126, T_inverse:[0.9100153881832072 -0.3738512190135815 -0.17918509063033786 0.005066906098472915 0.014444778662345685 0.4605446180802719 -0.8875189549327902 -0.009103675010510405 0.4143228024598995 0.8050676296238091 0.4245028802580101 -0.3943095575452124 0.0 0.0 0.0 1.0]
Frame:127, T_inverse:[0.9141759379047825 -0.3656563224967767 -0.17486494474360664 0.004909153251079523 0.01444474075716445 0.4605445378614928 -0.8875190441920717 -0.009103640823019066 0.40506005300119724 0.8088226554780428 0.42630055508101755 -0.394360160751636 0.0 0.0 0.0 1.0]
Frame:128, T_inverse:[0.9182520768071069 -0.35740363357304966 -0.17051626598358366 0.0047411317133983985 0.014444729881371044 0.46054469294037464 -0.8875189463744465 -0.009103672707019672 0.3957328408754931 0.8125030329418196 0.4280587034704038 -0.3944092951109417 0.0 0.0 0.0 1.0]
Frame:129, T_inverse:[0.9222402221317662 -0.3490986071340862 -0.16614178958334694 0.004565244923421513 0.014444653901073015 0.4605445299987694 -0.8875190512015139 -0.009103623257033717 0.38634736109238543 0.8161058881356323 0.4297753161948081 -0.3944569284984217 0.0 0.0 0.0 1.0]
Frame:130, T_inverse:[0.9260664606568512 -0.34090082147354883 -0.16182548820757942 0.00445785304430901 0.014444662811831556 0.46054437190609515 -0.8875191065811927 -0.009103561659791076 0.3770838064963512 0.8195642197750709 0.4314188988399543 -0.39450239855742075 0.0 0.0 0.0 1.0]
Frame:131, T_inverse:[0.9298425596955672 -0.3325728408044033 -0.157442492242545 0.004304095583096296 0.014444720524797847 0.46054439293137617 -0.8875190783270658 -0.009103582593822266 0.367674030883917 0.8229788108759224 0.43303767547215727 -0.39454678406824734 0.0 0.0 0.0 1.0]
Frame:132, T_inverse:[0.9335285581748688 -0.32419776058555655 -0.153036594861198 0.0041436598774435875 0.014444824077436686 0.4605446327523813 -0.887519005836111 -0.009103672394941142 0.35821184626870034 0.8263137439186209 0.4346145571725572 -0.39458973107326323 0.0 0.0 0.0 1.0]
Frame:133, T_inverse:[0.9370820048230243 -0.3158755709865806 -0.14866031463270657 0.00402398167866723 0.014444846422261922 0.46054477320691584 -0.8875189301675377 -0.009103715647511765 0.34881029458936236 0.8295306847219088 0.43613099743513767 -0.3946307181674533 0.0 0.0 0.0 1.0]
Frame:134, T_inverse:[0.9405767758092592 -0.30743321510466726 -0.14422248424516157 0.0038620519192881578 0.014444675938460787 0.46054418710437944 -0.8875191443069056 -0.009103485676703554 0.3392737112870582 0.832696655157256 0.4376179488998787 -0.3946705978965309 0.0 0.0 0.0 1.0]
Frame:135, T_inverse:[0.9439817857100877 -0.29894054717605073 -0.1397601478245362 0.0036908333759532426 0.014444687622333 0.46054425857659476 -0.8875191669064412 -0.009103507850083773 0.3296812039690927 0.8357831927134909 0.439063491273573 -0.39470895850682824 0.0 0.0 0.0 1.0]
Frame:136, T_inverse:[0.9472687676750977 -0.290469894802885 -0.13531107985682658 0.0035442941710483295 0.014444664778276894 0.4605441710103736 -0.8875190774218832 -0.009103499790819244 0.32011435796230236 0.8387645835660206 0.44045484921837236 -0.3947455400166891 0.0 0.0 0.0 1.0]
Frame:137, T_inverse:[0.9504661339218483 -0.28194966006733624 -0.1308378405443854 0.003388082045010454 0.01444466379720303 0.4605442681170796 -0.8875190248390209 -0.009103535319109709 0.3104923525849827 0.8416668376414398 0.44180440288168954 -0.39478068915929804 0.0 0.0 0.0 1.0]
Frame:138, T_inverse:[0.9535453733960723 -0.27345751962678505 -0.12638111766243057 0.0032581176962659854 0.014444699680057503 0.46054440342637937 -0.8875191334767576 -0.009103592377994992 0.30090289371031753 0.8444642149451789 0.4430999995328338 -0.3948141993254027 0.0 0.0 0.0 1.0]
Frame:139, T_inverse:[0.9565506009060198 -0.26487163307852624 -0.12187686356632389 0.0030971334756371345 0.014444657854405046 0.4605442604748335 -0.8875192265107502 -0.009103497171709708 0.2912083404734346 0.847196533253135 0.44435986892902085 -0.39484619596455434 0.0 0.0 0.0 1.0]
Frame:140, T_inverse:[0.9594507050037994 -0.25627814948426153 -0.11737050481223667 0.0029450283015395903 0.014444755440660803 0.4605448481216548 -0.8875189226617594 -0.00910374340017484 0.2815060846034625 0.8498352347743893 0.4455719364733899 -0.3948766489106257 0.0 0.0 0.0 1.0]
Frame:141, T_inverse:[0.9622496452766234 -0.2476670779429595 -0.11285648330268559 0.002796496907305385 0.01444471955941629 0.4605444833718204 -0.8875190293546759 -0.009103635855550891 0.2717846995426181 0.85238476875915 0.4467362845823374 -0.3949055257532166 0.0 0.0 0.0 1.0]
Frame:142, T_inverse:[0.9649685673711729 -0.23897047667252116 -0.10829951870035089 0.002620011607958845 0.01444474405241223 0.46054474850148497 -0.8875189460784406 -0.009103743162536504 0.2619675811791272 0.8548635212065814 0.4478630890971939 -0.39493294807294155 0.0 0.0 0.0 1.0]
