Frame:1, T_inverse:[-0.9136868096022177 -0.4056309968898935 0.02528885910351097 0.028339165918499457 0.028877962081948892 -0.0027294865671279975 0.9995791239667736 -0.016413209619854693 -0.40539130596694617 0.9140327589200548 0.014207866761139465 -0.31588640140218316 0.0 0.0 0.0 1.0]
Frame:2, T_inverse:[-0.9336479951504502 -0.3572342795372253 0.02616972020376742 0.02891474984064225 0.029036996024472322 -0.0026641338097316506 0.9995747331297326 -0.01641807639500669 -0.35701264511816744 0.9340109640611935 0.012860509016444054 -0.31738583003679616 0.0 0.0 0.0 1.0]
Frame:3, T_inverse:[-0.9510445233543237 -0.30787426068584234 0.02697854884357897 0.029416698088862905 0.02919915743669926 -0.0026073945529271575 0.9995702354074583 -0.016422978776232874 -0.30767158948047213 0.9514235059581914 0.011469378654392678 -0.3189129849481334 0.0 0.0 0.0 1.0]
Frame:4, T_inverse:[-0.9658397536744303 -0.257653377810958 0.027714052988814318 0.029832206472201292 0.029364257808029537 -0.002558262678274454 0.9995654642880905 -0.01642828222468022 -0.25747054284924853 0.9662339450131824 0.010036783349190023 -0.3204647528978758 0.0 0.0 0.0 1.0]
Frame:5, T_inverse:[-0.9779837722303061 -0.20674317961522898 0.0283724892273833 0.03017150848149545 0.029531032437638965 -0.002519283964965975 0.9995606645150018 -0.016433143299329503 -0.20658087710678588 0.9783920001181794 0.008569164990933437 -0.32203566721603705 0.0 0.0 0.0 1.0]
Frame:6, T_inverse:[-0.987453771577904 -0.15523018995768834 0.028954268651678026 0.03041641115633439 0.029700247149910278 -0.0024879593356146494 0.9995556809451496 -0.016438462984820792 -0.15508918525645957 0.9878750987352826 0.0070672728589454906 -0.3236233554711407 0.0 0.0 0.0 1.0]
Frame:7, T_inverse:[-0.9942109148073421 -0.10332863653538864 0.02945652181009289 0.030589899887820023 0.029870990557702398 -0.0024656791728086226 0.999550682280708 -0.01644375683778987 -0.10320957953207192 0.9946442031119542 0.0055380148151390465 -0.3252209929412477 0.0 0.0 0.0 1.0]
Frame:8, T_inverse:[-0.9982445178477615 -0.051140051500659735 0.029876936635807864 0.03067830466239469 0.030041525772432236 -0.0024526176683246515 0.9995456513638237 -0.016449001906044876 -0.051043539016568676 0.9986885006436277 0.0039845856433888376 -0.3268249440899998 0.0 0.0 0.0 1.0]
Frame:9, T_inverse:[-0.9995426227950069 0.0012051825527247186 0.030216916051557904 0.03067731600919778 0.030213897168610143 -0.0024484911170080874 0.9995404658434999 -0.01645423227215279 0.0012786150001061441 0.9999962478303023 0.002410986767473506 -0.328431700170043 0.0 0.0 0.0 1.0]
Frame:10, T_inverse:[-0.9981017044554363 0.053519677369649486 0.03047237049154258 0.030601076423448597 0.030384596582777982 -0.0024531340976148928 0.9995352798520609 -0.0164595041043052 0.05356955731785527 0.9985637970465346 0.0008223111820523216 -0.3300355677519188 0.0 0.0 0.0 1.0]
Frame:11, T_inverse:[-0.9939242117610811 0.10571458376910658 0.030645696363631063 0.030432110829621828 0.030556142978673234 -0.0024670645518780903 0.9995300571256818 -0.01646474011227993 0.10574050898921553 0.9943934990158249 -0.0007781987320509441 -0.3316339395038295 0.0 0.0 0.0 1.0]
Frame:12, T_inverse:[-0.9870242509529484 0.15760232675530875 0.0307339712837875 0.030185473460767737 0.030725681567087285 -0.002489617977856617 0.9995247362371393 -0.016469950752936342 0.15760395030504176 0.9874995092178582 -0.002385097425658424 -0.33322082644425943 0.0 0.0 0.0 1.0]
Frame:13, T_inverse:[-0.9774160904307859 0.20907625778570957 0.03073918731302359 0.029849858999117396 0.030894991807703276 -0.002521329967376962 0.999519444104911 -0.016475091830211407 0.20905328788103222 0.9778960845289437 -0.00399499019767817 -0.3347931293289186 0.0 0.0 0.0 1.0]
Frame:14, T_inverse:[-0.9651295358576546 0.259970272322243 0.030660352682643853 0.029434741008108074 0.031062559849215545 -0.0025619513847799395 0.9995140359568223 -0.016480222530079598 0.25992251354127377 0.9656131198656425 -0.005602539086211776 -0.3363457983276375 0.0 0.0 0.0 1.0]
Frame:15, T_inverse:[-0.9502005813937469 0.310143190499289 0.03049620780983295 0.028941944355188202 0.031226562921570115 -0.0026108291148977864 0.9995089268857614 -0.016485238755311445 0.31007051067794317 0.9506862611120002 -0.007203878978417703 -0.3378744277055625 0.0 0.0 0.0 1.0]
Frame:16, T_inverse:[-0.9326726974179907 0.359452456618952 0.030249546374965658 0.028374807259745023 0.03138860326462641 -0.00266845382980745 0.9995035380420457 -0.016490204912901547 0.35935479892929895 0.9331594623156425 -0.008793659360393311 -0.33937484568207593 0.0 0.0 0.0 1.0]
Frame:17, T_inverse:[-0.9125685638369067 0.407827097638117 0.029919402513046235 0.02771143350667816 0.031547363392166655 -0.0027344919476280237 0.9994983702496537 -0.016495034709054904 0.40770439441599526 0.9130549080534143 -0.010370189239828164 -0.34084459817887525 0.0 0.0 0.0 1.0]
Frame:18, T_inverse:[-0.8899814014282139 0.4550407313305423 0.02950820693361152 0.026988220918677076 0.0317027289187745 -0.0028093563936198948 0.9994933086398652 -0.016499681629283298 0.4548931225089306 0.8904661149352403 -0.011925590415847395 -0.34227643789346557 0.0 0.0 0.0 1.0]
Frame:19, T_inverse:[-0.8649493976840487 0.5010192037216782 0.029015594846830167 0.02618654475868897 0.03185366256226911 -0.002891875458627311 0.9994882473148505 -0.016504198156511083 0.5008467816040906 0.8654312101086704 -0.0134577784250618 -0.34366864102345007 0.0 0.0 0.0 1.0]
Frame:20, T_inverse:[-0.8375437872870495 0.5456289617920432 0.028442832230758344 0.025311232281760892 0.031999773743223964 -0.002981617227580125 0.9994833328528957 -0.016508705747859998 0.5454319200046164 0.8380214374949392 -0.014962558694398293 -0.3450171473859934 0.0 0.0 0.0 1.0]
Frame:21, T_inverse:[-0.8078461615653189 0.5887376293407847 0.027792869088229196 0.024368850213946764 0.03214145152503089 -0.003079474596658872 0.9994785342788757 -0.016512968656742052 0.5885162260250745 0.8083183131885145 -0.01643506716646856 -0.3463180002503627 0.0 0.0 0.0 1.0]
Frame:22, T_inverse:[-0.775938804698834 0.6302273002631713 0.027066298044637956 0.023362163122126474 0.03227722151642824 -0.003184445216792237 0.999473893405132 -0.01651699168406291 0.6299819255045276 0.7764041908454028 -0.01787109061228727 -0.3475676768451422 0.0 0.0 0.0 1.0]
Frame:23, T_inverse:[-0.7418897934557169 0.6700071943166904 0.02626481360737827 0.02228337816610614 0.03240735688161314 -0.0032957627969673873 0.9994692797357017 -0.0165210152780972 0.6697381829510888 0.7423472467760553 -0.01926806096515991 -0.3487633531565605 0.0 0.0 0.0 1.0]
Frame:24, T_inverse:[-0.7058183960500892 0.70793758387591 0.025391849675328274 0.021149534900349272 0.032531352060905266 -0.003414180530925546 0.9994648988686053 -0.01652464352359487 0.7076454342414187 0.7062667226384858 -0.02062035476190323 -0.34990077513852463 0.0 0.0 0.0 1.0]
Frame:25, T_inverse:[-0.6678166441138815 0.7439240874583108 0.02445007728729488 0.019959587869683444 0.03264974630019376 -0.0035391008011651528 0.9994605406848328 -0.016528294658412657 0.7436093617272908 0.6682547310340462 -0.02192541809037963 -0.3509773164509744 0.0 0.0 0.0 1.0]
Frame:26, T_inverse:[-0.6279816874164784 0.7778749907166197 0.02344067747816947 0.01871326929022331 0.03276077427195355 -0.00366994399545132 0.9994564431193507 -0.016531559388094138 0.7775382344189236 0.6284083296649262 -0.023179105697971273 -0.35199006508551794 0.0 0.0 0.0 1.0]
Frame:27, T_inverse:[-0.5864095941586325 0.8097054592337456 0.022367631813700543 0.017408517224056636 0.03286550136370767 -0.003807061082334713 0.999452358229454 -0.016534688743326396 0.8093473666625748 0.5868238013158612 -0.024378617690065628 -0.3529365256532938 0.0 0.0 0.0 1.0]
Frame:28, T_inverse:[-0.5432583133667587 0.8392969957278368 0.02123194324849887 0.016068384391769452 0.03296162284112283 -0.003947969217664388 0.9994487466427366 -0.016537481641268732 0.8389182251967802 0.5436587602745396 -0.025519745602005046 -0.3538126322471279 0.0 0.0 0.0 1.0]
Frame:29, T_inverse:[-0.4985968838833849 0.8666023057004483 0.020039183506994174 0.014675334605814667 0.03305141474342192 -0.0040949730080159326 0.9994452682993381 -0.016540175834376197 0.8662035909052015 0.4989826485789435 -0.026600658019687366 -0.3546175527451871 0.0 0.0 0.0 1.0]
Frame:30, T_inverse:[-0.4525737227464099 0.8915290051817766 0.018791603943265484 0.013244538702384345 0.03313315876575935 -0.004246575661213626 0.999441926607174 -0.016542483181850143 0.8911112918275617 0.45294374823352146 -0.027617324464640814 -0.35534844933802084 0.0 0.0 0.0 1.0]
Frame:31, T_inverse:[-0.40530446052513436 0.9140143735513517 0.017492383269794888 0.011775451251955855 0.033207292376588926 -0.004402002985266366 0.9994387610287586 -0.01654485301493532 0.9135784201508677 0.40565789310282 -0.028567779154698266 -0.3560036470921701 0.0 0.0 0.0 1.0]
Frame:32, T_inverse:[-0.35693962984727556 0.9339877995344323 0.01614528049129786 0.010279849153254944 0.033272900127272464 -0.004560738067439026 0.9994358361661911 -0.016546838597575404 0.9335345760331499 0.3572755735306094 -0.029448464304834894 -0.3565809959909449 0.0 0.0 0.0 1.0]
Frame:33, T_inverse:[-0.3075767206813847 0.9514088951796892 0.01475297713336633 0.008748522849002726 0.03332950675568453 -0.004722719796567317 0.9994332395954223 -0.016548364194889812 0.9509394046274181 0.30789411248212306 -0.03025739430715712 -0.35707958162903713 0.0 0.0 0.0 1.0]
Frame:34, T_inverse:[-0.25738595794536795 0.9662167640687418 0.013321265844638459 0.007198973860677407 0.03337790211022502 -0.004887727508332864 0.9994307490665305 -0.01654970880739142 0.9657319694119193 0.2576841621115135 -0.030992165412436067 -0.3574972097416249 0.0 0.0 0.0 1.0]
Frame:35, T_inverse:[-0.20649511740014384 0.9783756496107412 0.011853172585493805 0.0056317828997348995 0.03341762217136029 -0.005054994474037691 0.9994285779162078 -0.01655079499838152 0.9778766508280783 0.20677339579278048 -0.031650990813288975 -0.3578331284331516 0.0 0.0 0.0 1.0]
Frame:36, T_inverse:[-0.155020905469112 0.9878568444970401 0.01035175727904098 0.004042752931763304 0.03344837327755016 -0.0052239732075349266 0.9994266885206002 -0.01655154564034797 0.9873446932317534 0.15527838484603032 -0.032232285244683356 -0.3580866482111006 0.0 0.0 0.0 1.0]
Frame:37, T_inverse:[-0.1031265130119886 0.9946291575899494 0.008822452333642362 0.00244438407268552 0.03347049656243875 -0.00539468007964492 0.9994251792546003 -0.01655214708567732 0.9941049767501291 0.1033625052582002 -0.03273441529932958 -0.35825668106190434 0.0 0.0 0.0 1.0]
Frame:38, T_inverse:[-0.05093208929918312 0.9986756247239723 0.007268880459388375 0.0008329799209047587 0.03348388178624412 -0.0055665988114089225 0.9994237100799593 -0.016552540399083875 0.9981406003015383 0.05114619202647846 -0.03315596030814418 -0.35834236176894685 0.0 0.0 0.0 1.0]
Frame:39, T_inverse:[0.0013677395603694026 0.9999829200383266 0.005695101613306406 -0.0007681665617760393 0.033487803146324796 -0.0057377901288528715 0.9994226998261829 -0.01655250613054578 0.9994382712980933 -0.0011763066398588029 -0.03349514927259908 -0.3583440025214564 0.0 0.0 0.0 1.0]
Frame:40, T_inverse:[0.0536897312284419 0.998549056913068 0.0041057837206061095 -0.00237659331572118 0.033482810441534734 -0.005909511420942736 0.999421694558347 -0.016552182857123884 0.9979959808099097 -0.05352106337652429 -0.03375136829654524 -0.35826152284288154 0.0 0.0 0.0 1.0]
Frame:41, T_inverse:[0.10584106337270395 0.9943798739232508 0.002505269013015969 -0.00397009058253443 0.033468891786660133 -0.0060803274413441825 0.9994212307285846 -0.01655161504790266 0.9938195978497002 -0.10569591528591667 -0.03392429760936587 -0.3580954057879653 0.0 0.0 0.0 1.0]
Frame:42, T_inverse:[0.15771898786132676 0.9874835324142557 0.0008978121845665434 -0.005558745962051968 0.03344616065175106 -0.00625047288489771 0.9994208345726191 -0.016550807500996807 0.9869173288379192 -0.1575974963265476 -0.03401323420613276 -0.35784578667111333 0.0 0.0 0.0 1.0]
Frame:43, T_inverse:[0.20916703852678686 0.9778795327139305 -0.0007113435012950705 -0.007133034326669721 0.033414365800030495 -0.006420102488788414 0.9994208116368497 -0.016549722056672402 0.9773087200462118 -0.20906953760608069 -0.034017972350510094 -0.35751357345180435 0.0 0.0 0.0 1.0]
Frame:44, T_inverse:[0.2600263944892707 0.9655986940483196 -0.0023190531254442155 -0.008682134887233793 0.03337415452204537 -0.0065870079571169375 0.9994212043135178 -0.01654845153257364 0.9650245190213353 -0.259953238884805 -0.03393880567867123 -0.357099669968413 0.0 0.0 0.0 1.0]
Frame:45, T_inverse:[0.3101850455742967 0.9506679833023683 -0.003920792822807987 -0.010211870572756276 0.033325431260713016 -0.006751409753361803 0.9994215500657924 -0.016546942230078097 0.9500917942931358 -0.31013616542053907 -0.03377548622785065 -0.35660506244030826 0.0 0.0 0.0 1.0]
Frame:46, T_inverse:[0.35948547546319837 0.9331343210914561 -0.005511622772277933 -0.011710477022578965 0.033268186068735446 -0.006913164790667762 0.9994224947555723 -0.016545203395168163 0.9325574150347562 -0.35946117274827294 -0.033528818568197956 -0.35603125919515377 0.0 0.0 0.0 1.0]
Frame:47, T_inverse:[0.4078062232717074 0.9130410524968698 -0.007087294443822594 -0.013179275917175838 0.03320160112373982 -0.007071601336255996 0.9994236895156859 -0.016542868919576716 0.912464682536543 -0.4078065294221914 -0.033198298284977786 -0.35537986821116846 0.0 0.0 0.0 1.0]
Frame:48, T_inverse:[0.45501059391952525 0.8904440603390026 -0.008642890279448097 -0.014612523848669488 0.03312734368686863 -0.0072270847593422696 0.9994249656805838 -0.016540564144265475 0.8898695502518783 -0.4550352379928699 -0.03278641090509925 -0.35465173056770377 0.0 0.0 0.0 1.0]
Frame:49, T_inverse:[0.5009685015308293 0.8654057028069972 -0.010175659705677168 -0.01600603280978295 0.03304481111349278 -0.0073776067173087255 0.9994266782487126 -0.016537814077488482 0.8648344335489163 -0.5010175413017507 -0.03229313868760278 -0.35384972299343626 0.0 0.0 0.0 1.0]
Frame:50, T_inverse:[0.5455428701728032 0.8380014705555268 -0.01167963663119415 -0.017351210371370652 0.03295462660800408 -0.007523999380050753 0.999428427452551 -0.01653489505488773 0.8374347071333592 -0.545615889699596 -0.031720654334517324 -0.35297616464920145 0.0 0.0 0.0 1.0]
Frame:51, T_inverse:[0.5886298832413055 0.8082956377098076 -0.013152488949904598 -0.018652416450580776 0.03285724036414073 -0.00766519342732431 0.999430666215675 -0.016531819119139257 0.8077346157593965 -0.588726896574569 -0.03107032268903612 -0.3520332284179911 0.0 0.0 0.0 1.0]
Frame:52, T_inverse:[0.6301118022900588 0.7763673155600515 -0.014588140075192846 -0.019906270669221578 0.03275194068123631 -0.0078022654624971275 0.9994329562519628 -0.01652858458533301 0.7758133281873111 -0.6302322703977189 -0.030343793423133182 -0.35102329622368594 0.0 0.0 0.0 1.0]
Frame:53, T_inverse:[0.6698578761748347 0.7423172356570935 -0.015984385752381407 -0.02110179873004801 0.03263957148257123 -0.007932572053982075 0.999435692102159 -0.016524894461767005 0.7417715530802299 -0.6700016251894108 -0.02954260135365503 -0.34994964464366357 0.0 0.0 0.0 1.0]
Frame:54, T_inverse:[0.707761397220336 0.7062387672612056 -0.017337063850821656 -0.022236115879092827 0.032521312179548165 -0.00805675982293579 0.9994385538289271 -0.016521204837600813 0.7057026005294904 -0.7079278510559822 -0.02867007637979316 -0.34881521268377225 0.0 0.0 0.0 1.0]
Frame:55, T_inverse:[0.7437290709070465 0.6682211249058437 -0.01864217501852201 -0.02331155400049428 0.032396358587129165 -0.00817444131892655 0.9994416597917991 -0.0165171912205791 0.667695646744858 -0.743917749764152 -0.02772749591960029 -0.3476226857409017 0.0 0.0 0.0 1.0]
Frame:56, T_inverse:[0.7776541999929487 0.6283773059989587 -0.019895628399924453 -0.024321118149185316 0.03226573242451611 -0.008286303026923908 0.999444872754439 -0.016513291047507355 0.6278636675439904 -0.7778644584006673 -0.026718910482565552 -0.34637576412944554 0.0 0.0 0.0 1.0]
Frame:57, T_inverse:[0.8094646438106443 0.5867895848128595 -0.021094277331867233 -0.025273320800487248 0.03212776355636825 -0.008390830970424116 0.9994485586074441 -0.016508770410431788 0.5862890349935088 -0.8096959805311232 -0.02564432177212137 -0.34507692345905994 0.0 0.0 0.0 1.0]
Frame:58, T_inverse:[0.8390367168189816 0.5436201546873741 -0.022236623946566305 -0.026144730379381743 0.031987021725135754 -0.008487141892399614 0.999452147881183 -0.0165044006531053 0.5431336007241588 -0.8392883499653311 -0.024509797049793478 -0.34373055632870003 0.0 0.0 0.0 1.0]
Frame:59, T_inverse:[0.8663233039831932 0.49893912431265985 -0.023316862821434595 -0.02695318896265475 0.03183968523922958 -0.008576654816795128 0.9994560946229041 -0.01649971351281569 0.4984678004203172 -0.8665944981055169 -0.023316206931206652 -0.34233964431734826 0.0 0.0 0.0 1.0]
Frame:60, T_inverse:[0.8912312844186079 0.4528958904259194 -0.024334249086254534 -0.027685569708332483 0.031689010602772856 -0.008657896210083772 0.9994602760843049 -0.01649499055909036 0.4524407591975573 -0.8915213512895962 -0.02206801133556561 -0.340908769104103 0.0 0.0 0.0 1.0]
Frame:61, T_inverse:[0.9136898146193383 0.40562497098669786 -0.02528344542477874 -0.02833665834326493 0.03153359033296178 -0.008732148494561207 0.999464465415326 -0.016490328500054895 0.4051870025208629 -0.9139978005772509 -0.020769280026450797 -0.3394420034444875 0.0 0.0 0.0 1.0]
Frame:62, T_inverse:[0.9336483982251205 0.3572339646086296 -0.02616372142127111 -0.02891361943925522 0.03137428891098164 -0.008797288082168621 0.9994688792279706 -0.01648526632997573 0.35681409012855175 -0.9339733793244742 -0.019421530163448445 -0.3379429017449763 0.0 0.0 0.0 1.0]
Frame:63, T_inverse:[0.9510507310672422 0.307855504699373 -0.026972789934432605 -0.02941409347909898 0.031212190142299746 -0.00885410763169113 0.999473555056598 -0.016480205632208058 0.3074546029993655 -0.9513919183761975 -0.01802954864368667 -0.3364153427655749 0.0 0.0 0.0 1.0]
Frame:64, T_inverse:[0.9658426165211831 0.2576438323491606 -0.02770745165325189 -0.029830427673865224 0.031047070818337404 -0.008902140630822196 0.99947827871696 -0.016474968524991297 0.2572627671926816 -0.9661989112667062 -0.01659715350286395 -0.33486422729451576 0.0 0.0 0.0 1.0]
Frame:65, T_inverse:[0.9779868405834818 0.2067295953264122 -0.028366219681727756 -0.030163592275820248 0.030879873928424006 -0.008941896383190488 0.9994831001216808 -0.016469829075233217 0.2063690882820563 -0.9783572539399351 -0.015128840821784591 -0.3332935605810433 0.0 0.0 0.0 1.0]
Frame:66, T_inverse:[0.9874537310706522 0.15523273935597676 -0.02894742618885084 -0.030419714827131763 0.030710853338843526 -0.0089730676810758 0.9994878314755584 -0.01646471092053309 0.15489350640135585 -0.9878369692382954 -0.013627817245861538 -0.33170694768806236 0.0 0.0 0.0 1.0]
Frame:67, T_inverse:[0.9942115106369752 0.10332550425663894 -0.029449393134332855 -0.03058734275694233 0.030540644430947724 -0.008994680756457681 0.9994928667291768 -0.016459361719365583 0.10300822784826912 -0.9946067584224465 -0.01209824244391774 -0.33010989261930596 0.0 0.0 0.0 1.0]
Frame:68, T_inverse:[0.9982460779120782 0.0511128187704817 -0.02987058687858433 -0.03067828277211686 0.03036928679474966 -0.009008076954420666 0.999498180163878 -0.016454215094091614 0.05081809433795208 -0.998652298101431 -0.010544537243880246 -0.32850488976198955 0.0 0.0 0.0 1.0]
Frame:69, T_inverse:[0.9995428716610578 -0.0012049920891517715 -0.03020984923500731 -0.030673625617610396 0.030197790805443603 -0.009011522514204973 0.999503324730343 -0.016448751840901277 -0.0014766310006824829 -0.9999586447626635 -0.008971014973512872 -0.32689869830128965 0.0 0.0 0.0 1.0]
Frame:70, T_inverse:[0.9980995988451449 -0.05356316078371494 -0.0304665569889379 -0.030599275429549194 0.030026173972611432 -0.009007339319260323 0.9995083161371483 -0.016443733586837896 -0.053811266993951494 -0.998523665475155 -0.007381924368614817 -0.3252932743690813 0.0 0.0 0.0 1.0]
Frame:71, T_inverse:[0.9939218672952927 -0.10573801893061287 -0.030639553291873966 -0.030429049539276904 0.029855184435826448 -0.00899314285589203 0.9995136301190122 -0.01643840380574381 -0.10596215780524003 -0.994353174672593 -0.005781651492421851 -0.3236956465723065 0.0 0.0 0.0 1.0]
Frame:72, T_inverse:[0.9870201961694139 -0.15762868339096267 -0.030728990386796447 -0.03017723973208855 0.0296855597624497 -0.008970156357073964 0.9995189624109289 -0.016433144570992937 -0.15782851908980616 -0.987457670580375 -0.004174429104308513 -0.322108773998484 0.0 0.0 0.0 1.0]
Frame:73, T_inverse:[0.977409989123854 -0.2091057025725474 -0.030733461443035973 -0.02984875202989018 0.029516494139138223 -0.008938599378588923 0.9995242366966708 -0.016428047135959637 -0.20928094573484743 -0.97785209350542 -0.002564607269822876 -0.3205365623141746 0.0 0.0 0.0 1.0]
Frame:74, T_inverse:[0.9651213876869431 -0.26000204673361527 -0.030653579337469136 -0.029436001599786987 0.029349387226333963 -0.008897779540620002 0.9995296216499704 -0.01642287208741363 -0.26015249794711687 -0.9655670861050473 -0.0009565372121080896 -0.31898417790294487 0.0 0.0 0.0 1.0]
Frame:75, T_inverse:[0.9501911116120374 -0.3101727801013053 -0.030490286784785433 -0.02893831016083891 0.02918505432320295 -0.00884889106307415 0.9995347474834321 -0.01641794574461187 -0.31029831304975647 -0.9506388933793689 0.0006442794747500268 -0.3174561475693894 0.0 0.0 0.0 1.0]
Frame:76, T_inverse:[0.9326532678744812 -0.35950417908962196 -0.03024303035486308 -0.028364773527748282 0.02902341007814543 -0.008790783768770438 0.9995400014388012 -0.016412905949069877 -0.3596046863712987 -0.9331019975734396 0.0022352877180390777 -0.31595571963617547 0.0 0.0 0.0 1.0]
Frame:77, T_inverse:[0.9125544679163299 -0.4078597602578756 -0.029912641173710976 -0.027716946087474055 0.028864619274817326 -0.008724696661254647 0.9995451096273061 -0.016408135324351505 -0.4079352521084375 -0.9130027539465924 0.003810968217768413 -0.31448713504524367 0.0 0.0 0.0 1.0]
Frame:78, T_inverse:[0.8899623724538617 -0.4550787509413378 -0.029500691310419512 -0.026986741387190715 0.028709915233778777 -0.008650498256474 0.9995503045137958 -0.016403474393204873 -0.4551293184671186 -0.8904091040107082 0.00536666015089342 -0.3130547067006864 0.0 0.0 0.0 1.0]
Frame:79, T_inverse:[0.8649302239783219 -0.5010531891195972 -0.029007514543093395 -0.02618346572644908 0.02855923699999924 -0.00856774564537212 0.9995554175226173 -0.016398803310789366 -0.501078944846059 -0.8653741480688348 0.006899187157004695 -0.31166242676912725 0.0 0.0 0.0 1.0]
Frame:80, T_inverse:[0.8375224476821391 -0.5456624795511902 -0.0284350991360497 -0.025311379295015694 0.028413053616139286 -0.008477664824206506 0.9995601562059495 -0.016394391472012805 -0.5456636352082014 -0.8379619904760953 0.008403729016963346 -0.31031362797252166 0.0 0.0 0.0 1.0]
Frame:81, T_inverse:[0.8078206893613014 -0.5887730707729751 -0.027785395239249472 -0.02436882806119613 0.028272217975450084 -0.008380784292655123 0.999565069327671 -0.0163902753440791 -0.5887499004473861 -0.8082548010115248 0.00987576764388737 -0.30901269515751256 0.0 0.0 0.0 1.0]
Frame:82, T_inverse:[0.7759083055908974 -0.6302651367801769 -0.027058189775210118 -0.023357743628410765 0.02813601185318577 -0.00827517531667124 0.9995698073869272 -0.01638603695772925 -0.6302179492775823 -0.7763358073164841 0.011312382973503066 -0.30776302904426023 0.0 0.0 0.0 1.0]
Frame:83, T_inverse:[0.7418617180289467 -0.6700385945330487 -0.026256650317518653 -0.022286313043116106 0.028005047616087915 -0.008163062046991017 0.999574416999675 -0.016382189496062936 -0.6699678040423941 -0.7422813398972185 0.012708614027492087 -0.3065676296748848 0.0 0.0 0.0 1.0]
Frame:84, T_inverse:[0.7057871463858623 -0.7079689900307722 -0.025384551476372114 -0.021151076636050276 0.02788116028908721 -0.008045040065348577 0.9995787861874439 -0.016378534109646164 -0.7078750122713833 -0.7061976341116197 0.014060935867099392 -0.30543035739716384 0.0 0.0 0.0 1.0]
Frame:85, T_inverse:[0.667851606953274 -0.7438929309936656 -0.02444376596297207 -0.01992768192875803 0.02776372256614905 -0.007919861800155768 0.9995831526124436 -0.016374854723483344 -0.7437764404545213 -0.6682518588701652 0.015363945051093328 -0.3043560925703392 0.0 0.0 0.0 1.0]
Frame:86, T_inverse:[0.6256401713218265 -0.7797614463920225 -0.023374071026859122 -0.019609320397134655 0.027645983479292258 -0.00778168519716938 0.9995873153556222 -0.01637195058889964 -0.7796216727482572 -0.6260281331386762 0.016688806262455745 -0.30341811147028674 0.0 0.0 0.0 1.0]
Frame:87, T_inverse:[0.5863391715785606 -0.8097569355116365 -0.02236245566532889 -0.01743200485471393 0.027550951678872858 -0.007655526187378815 0.999591118449114 -0.01636844512284633 -0.8095970047406623 -0.5867155165389304 0.01782083665052993 -0.3023954081147362 0.0 0.0 0.0 1.0]
Frame:88, T_inverse:[0.5432218347903597 -0.8393207186540408 -0.021229056227737703 -0.01606692156433265 0.02745406614541799 -0.007514061022934314 0.9995947188503965 -0.01636555941630928 -0.8391401471564959 -0.543584466573872 0.018961022306441443 -0.3015194553360219 0.0 0.0 0.0 1.0]
Frame:89, T_inverse:[0.4985702068408067 -0.8666177604947515 -0.0200365240647031 -0.014674882609057987 0.027364698909499427 -0.007368046361663117 0.9995984004091083 -0.016362974405421536 -0.8664172786596859 -0.498918303041143 0.020041228783478887 -0.3007144031739853 0.0 0.0 0.0 1.0]
Frame:90, T_inverse:[0.45253987855107025 -0.8915461903504565 -0.01878804609893756 -0.013246848348592926 0.027282727384955973 -0.007216711311707047 0.9996016911533759 -0.016360594235567363 -0.8913266959134462 -0.45287221386316107 0.02105796827300905 -0.2999829639423763 0.0 0.0 0.0 1.0]
Frame:91, T_inverse:[0.405290135780273 -0.9140208439852002 -0.017488712413054223 -0.011775492389642334 0.027208876739830246 -0.007061484201898211 0.9996048361314848 -0.016358456672303373 -0.9137831500664365 -0.40560587802440823 0.02200750904653284 -0.29932780558381006 0.0 0.0 0.0 1.0]
Frame:92, T_inverse:[0.3569102066259309 -0.9339991978752509 -0.01614172450778173 -0.010278255545394884 0.02714325435642628 -0.006903303912108526 0.999607692165302 -0.01635667676042768 -0.9337442650172941 -0.3572083521995672 0.022887923739866464 -0.29875004849954856 0.0 0.0 0.0 1.0]
Frame:93, T_inverse:[0.30754893831154073 -0.9514179214966625 -0.014749566493985596 -0.008753743790250002 0.02708575437504501 -0.00674106106842537 0.9996103422431571 -0.01635511451420362 -0.9511466609774074 -0.3078285369909889 0.023696709714178973 -0.29825162587286647 0.0 0.0 0.0 1.0]
Frame:94, T_inverse:[0.25735991303753564 -0.9662238537703367 -0.013317454797648027 -0.007200413994806394 0.027037387309285173 -0.0065760646809042795 0.9996127766021309 -0.01635366454757783 -0.9659372678107159 -0.2576203352096499 0.024431759686780515 -0.29783409122601007 0.0 0.0 0.0 1.0]
Frame:95, T_inverse:[0.2064567980507116 -0.9783839673072806 -0.011849442764424383 -0.005629827940464577 0.02699773997256059 -0.0064095636979737665 0.9996149372887595 -0.01635253932325067 -0.9780831698412483 -0.20669721981873151 0.02509085693142628 -0.2974982416623854 0.0 0.0 0.0 1.0]
Frame:96, T_inverse:[0.15498800714623728 -0.9878621316609517 -0.010348618308235242 -0.004043974763484379 0.026966659804053012 -0.0062408750531711835 0.9996168418937899 -0.016351722902587268 -0.9875482426725424 -0.15520765773357478 0.02567210083739156 -0.2972451236816729 0.0 0.0 0.0 1.0]
Frame:97, T_inverse:[0.10309819451936954 -0.9946320467951639 -0.008819332046059922 -0.002445902525792205 0.026943746786341805 -0.006070662850146912 0.9996185044306749 -0.0163513520999735 -0.9943061736845002 -0.10329644325005653 0.02617327737388449 -0.29707548644154164 0.0 0.0 0.0 1.0]
Frame:98, T_inverse:[0.050924270050156796 -0.9986761756296425 -0.0072653240933492295 -0.0008415594423162195 0.026930733724371037 -0.00589900949074153 0.9996199534687018 -0.016351000262349927 -0.9983394001210912 -0.051100639668042264 0.026594612884105275 -0.2969891397789292 0.0 0.0 0.0 1.0]
Frame:99, T_inverse:[-0.0013893821158937247 -0.9999827791878966 -0.005691818904713443 0.0007650250102758617 0.026926259815791838 -0.005727140165755901 0.9996209980518226 -0.016351031088794446 -0.9996364418017305 0.0012356277510386896 0.026933786482477688 -0.29698691996917304 0.0 0.0 0.0 1.0]
Frame:100, T_inverse:[-0.05369795591387879 -0.9985486020214999 -0.004102206631569098 0.0023698709276225747 0.026930982881245777 -0.005554696289437767 0.999621671978876 -0.01635129162816683 -0.9981938177412435 0.0535673360663589 0.027190348974383258 -0.29706876411373867 0.0 0.0 0.0 1.0]
Frame:101, T_inverse:[-0.10585759624755246 -0.9943780851858341 -0.002502262518301788 0.0039688190559221395 0.02694456835232853 -0.0053838102784592706 0.9996223959018791 -0.016351883111930893 -0.9940161128065966 0.10575027542005455 0.027363079099416057 -0.29723467012420013 0.0 0.0 0.0 1.0]
Frame:102, T_inverse:[-0.15772656279130265 -0.9874823344762119 -0.0008950218674109345 0.005556997554743276 0.026967418327079627 -0.005213341492450323 0.9996226124381089 -0.016352603395428163 -0.9871144257003647 0.15764300658455485 0.02745222934403465 -0.29748394793953675 0.0 0.0 0.0 1.0]
Frame:103, T_inverse:[-0.20917564605234787 -0.9778777795327539 0.0007146670127690635 0.007126372359568919 0.026998676931692167 -0.005044621561098169 0.9996227171330964 -0.016353815807589232 -0.9775052688201787 0.20911607434180868 0.027456676637900735 -0.29781619357080097 0.0 0.0 0.0 1.0]
Frame:104, T_inverse:[-0.26003069338722734 -0.9655972912743723 0.0023219864130991476 0.008682478745832951 0.02703865583194805 -0.004877391645226201 0.999622330355739 -0.016355247331034665 -0.9652214544108557 0.25999548945002593 0.027376965334187015 -0.29822997517217426 0.0 0.0 0.0 1.0]
Frame:105, T_inverse:[-0.3101858557738391 -0.9506677123327263 0.003923737172260426 0.010210773023526385 0.027087943727673716 -0.004712445146413018 0.9996218435855719 -0.016356805281127946 -0.950289815282329 0.3101749522726142 0.02721347491828952 -0.29872470504880416 0.0 0.0 0.0 1.0]
Frame:106, T_inverse:[-0.35950235729351016 -0.9331278608669186 0.005514992009933224 0.011707509991720592 0.02714560206170328 -0.00455026177140707 0.9996211139385228 -0.016358707438240087 -0.9327492179248468 0.3595158963224617 0.02696619150776621 -0.29929897286646445 0.0 0.0 0.0 1.0]
Frame:107, T_inverse:[-0.40781595120463093 -0.9130367348319233 0.007090583111527581 0.013177597744792689 0.027211925271183452 -0.004391543144941686 0.999620123006464 -0.016360755070049995 -0.9126586996787389 0.40785385213262276 0.02663631108425133 -0.29995088283646937 0.0 0.0 0.0 1.0]
Frame:108, T_inverse:[-0.45501973012004054 -0.8904393156313635 0.008646981166472799 0.014608938296379704 0.02728622103970744 -0.004236179832714652 0.9996186615184247 -0.0163631548329095 -0.8900631445256351 0.455082200426065 0.026224311532504062 -0.30067827779388623 0.0 0.0 0.0 1.0]
Frame:109, T_inverse:[-0.5009604648538267 -0.8654102780582028 0.0101778120761574 0.01600578695760554 0.027368061818884445 -0.004086364947073452 0.9996170436769622 -0.01636572000232005 -0.865037322807555 0.5010472306176803 0.025731746050850487 -0.3014794263885031 0.0 0.0 0.0 1.0]
Frame:110, T_inverse:[-0.5455457877116289 -0.8379995587416825 0.01168320971637438 0.017352839053967326 0.027458145409150522 -0.003939070061205516 0.9996151926858691 -0.01636864879382328 -0.8376310551519704 0.5456566623486165 0.025158898850051573 -0.3023526413256983 0.0 0.0 0.0 1.0]
Frame:111, T_inverse:[-0.5886307652227264 -0.8082949137237578 0.013155622476445056 0.018653993364641124 0.027555764533750925 -0.0037976272701704117 0.9996130004493535 -0.01637174147736738 -0.8079321525274158 0.5887655493848385 0.0245086602032966 -0.3032953139567409 0.0 0.0 0.0 1.0]
Frame:112, T_inverse:[-0.6301046172249027 -0.7763729851801648 0.014592098638177795 0.01990308554037672 0.0276604410487212 -0.0036612589609782654 0.9996106194882655 -0.016375140268522697 -0.7760173234880459 0.6302629807350797 0.02378191267458202 -0.304304868530781 0.0 0.0 0.0 1.0]
Frame:113, T_inverse:[-0.6698459233467715 -0.7423279337257194 0.015988339981727037 0.02109978998579202 0.02777229076939904 -0.003530887748227562 0.9996080390110043 -0.01637859792287088 -0.7419805363275016 0.6700273867355583 0.022981311166308093 -0.3053783699542959 0.0 0.0 0.0 1.0]
Frame:114, T_inverse:[-0.7077611640361028 -0.7062389563612016 0.01734163133448319 0.02223453345535514 0.027891033236478173 -0.0034059449693949564 0.9996051552465274 -0.01638235378243912 -0.7059010332178332 0.707965355843672 0.022108317217647597 -0.30651333775268264 0.0 0.0 0.0 1.0]
Frame:115, T_inverse:[-0.7437279690579657 -0.6682220509717058 0.01864601350180131 0.023311895455915388 0.028015431472739976 -0.003288137894809499 0.9996019641795784 -0.016386301071831578 -0.6678948001302352 0.7439545192752742 0.021166180900659838 -0.3077061446685873 0.0 0.0 0.0 1.0]
Frame:116, T_inverse:[-0.7776596651970291 -0.6283703300849213 0.01990080101243548 0.024323949776060897 0.0281471252504663 -0.00317655082318721 0.9995986859081635 -0.016390292235377895 -0.6280549899241872 0.7779078104140338 0.02015715021767304 -0.30895379253243943 0.0 0.0 0.0 1.0]
Frame:117, T_inverse:[-0.8094563235049274 -0.586800756452756 0.021100479953621982 0.025271055938517042 0.028284041986462664 -0.0030721596909358507 0.9995951855047388 -0.01639444052908882 -0.5864984139492979 0.8097254955328043 0.01908392029219154 -0.3102525594059289 0.0 0.0 0.0 1.0]
Frame:118, T_inverse:[-0.8390321688250906 -0.5436269998842934 0.02224157903223836 0.02615038370274412 0.02842534851977289 -0.0029749774685989844 0.9995914523244065 -0.016398941797611064 -0.5433387574388273 0.8393216143196351 0.017948927801663978 -0.3115984520528063 0.0 0.0 0.0 1.0]
Frame:119, T_inverse:[-0.8663193957463536 -0.4989456831123354 0.023322571083491412 0.026951587706266187 0.028572131618249407 -0.002885371034834599 0.9995876022612983 -0.016403519410920026 -0.4986726124601526 0.8666284430199235 0.016755573749367484 -0.3129890385008425 0.0 0.0 0.0 1.0]
Frame:120, T_inverse:[-0.8912257514937815 -0.45290614363754406 0.024339671199087812 0.027682280587023274 0.028723468793264005 -0.0028030807829642185 0.9995833876479322 -0.016408376442679045 -0.45264928138547894 0.8915537140782132 0.015507358372516768 -0.31441960349792125 0.0 0.0 0.0 1.0]
Frame:121, T_inverse:[-0.9136866881182127 -0.40563112051977174 0.025288618804291493 0.028339197906724553 0.028877792990160602 -0.0027296539063902925 0.9995790724960284 -0.016413189282016752 -0.4053914237511202 0.9140326234871705 0.014208026410798696 -0.31588641850071225 0.0 0.0 0.0 1.0]
