Frame:1, T_inverse:[-0.5186115563286484 -0.7442500975259748 -0.4208725278005983 0.020851309970990807 0.004175216237593977 0.4900326196919396 -0.8716940837976239 -0.010069003507963848 0.8549996477784012 -0.4538279261295996 -0.25102910627296415 -0.32864238951579056 0.0 0.0 0.0 1.0]
Frame:2, T_inverse:[-0.47566555580882486 -0.7656361179163568 -0.43306243920037485 0.02236518897299998 0.004336651258640168 0.49027859600239787 -0.8715548667300266 -0.010075185215374167 0.879615217110456 -0.4164468855389668 -0.22988820858279785 -0.32960116985312127 0.0 0.0 0.0 1.0]
Frame:3, T_inverse:[-0.42904926435629914 -0.7861829654090944 -0.444784163460178 0.022908117762565846 0.004492681874504323 0.4905460767813331 -0.8714036525116434 -0.01008301418496245 0.9032698659343404 -0.37587339539197445 -0.20693634048631648 -0.3307851151684873 0.0 0.0 0.0 1.0]
Frame:4, T_inverse:[-0.3811732213597773 -0.804612621725044 -0.45530816767668475 0.023357145522131688 0.004632300557016041 0.49082092487747747 -0.8712481461200116 -0.010090905687992152 0.9244919896175493 -0.33420562240605584 -0.18336058452644416 -0.3319966096084096 0.0 0.0 0.0 1.0]
Frame:5, T_inverse:[-0.3322664363659318 -0.820830774967624 -0.46458131695529065 0.02374728630751549 0.0047558890179266134 0.4911018729644627 -0.871089174495611 -0.010099113924862053 0.943173562269946 -0.2916431990946086 -0.1592728719429969 -0.33322993185265787 0.0 0.0 0.0 1.0]
Frame:6, T_inverse:[-0.28244136193942676 -0.8348012891140115 -0.47258198183347255 0.024069702911009752 0.004862022465225461 0.49138794122554286 -0.8709272636666379 -0.010107327759376237 0.9592722861379713 -0.24828356961918718 -0.1347294815978367 -0.3344822355446475 0.0 0.0 0.0 1.0]
Frame:7, T_inverse:[-0.23186146257522147 -0.846478507245193 -0.47928489620671627 0.024332875824681965 0.0049509907451608685 0.4916787562183533 -0.8707625139723668 -0.010115717597830092 0.972736038962353 -0.2042693659238534 -0.10981035393441982 -0.3357492945591378 0.0 0.0 0.0 1.0]
Frame:8, T_inverse:[-0.18062550910841102 -0.8558404098790622 -0.4846769389824662 0.024522226249661886 0.005022319014229593 0.4919732237749168 -0.8705958766584042 -0.010124183515838228 0.9835392068041936 -0.15968596869311869 -0.08456463817917198 -0.3370288851783505 0.0 0.0 0.0 1.0]
Frame:9, T_inverse:[-0.12889552517437428 -0.862855387435623 -0.4887395586158754 0.024644731366600087 0.005075787286394522 0.49227039377669524 -0.8704274711595683 -0.010132667024139359 0.9916450929597961 -0.11467501941946201 -0.05907173019060352 -0.33831656910283164 0.0 0.0 0.0 1.0]
Frame:10, T_inverse:[-0.07681635028487903 -0.8675046646036669 -0.491461851756074 0.02470111387895326 0.005111241956929476 0.49256925793598977 -0.8702582159896495 -0.010141156578756078 0.9970320872359307 -0.06936208669096261 -0.03340332100313678 -0.3396091406881133 0.0 0.0 0.0 1.0]
Frame:11, T_inverse:[-0.02454721584296987 -0.8697752710747995 -0.4928369895230681 0.024696798367949822 0.005129006194752865 0.4928695120074351 -0.870088072733353 -0.01014979704493838 0.9996855019685876 -0.023886040510137842 -0.007637470276106776 -0.3409024603213402 0.0 0.0 0.0 1.0]
Frame:12, T_inverse:[0.027810053718027132 -0.8696627791290458 -0.49286222281617426 0.024617682643098614 0.0051285459372736875 0.4931706338643588 -0.8699174752524343 -0.010158371631505559 0.9996000270497294 0.021664733844231007 0.01817523655257806 -0.3421941523760852 0.0 0.0 0.0 1.0]
Frame:13, T_inverse:[0.08008876349409703 -0.8671669014729828 -0.4915356675594321 0.024471911102575093 0.005109831192882427 0.49347040497730005 -0.869747578848518 -0.010166819337486404 0.9967746036094376 0.06714532653858091 0.04395251895789172 -0.3434791766376689 0.0 0.0 0.0 1.0]
Frame:14, T_inverse:[0.13214406768056922 -0.8622941450097158 -0.4888626175646267 0.02426040743078989 0.005072919812978668 0.4937695344339485 -0.8695779571183839 -0.010175176254342859 0.991217468271068 0.11242955961826598 0.06962308856869551 -0.34475488053161996 0.0 0.0 0.0 1.0]
Frame:15, T_inverse:[0.18384052566477008 -0.8550577543147498 -0.4848492905850253 0.023981264756212553 0.005018148743153094 0.4940663813668773 -0.8694096930628779 -0.010183471103162912 0.9829432557973355 0.1573996371820011 0.09512024743558406 -0.3460178474256242 0.0 0.0 0.0 1.0]
Frame:16, T_inverse:[0.23504797543987638 -0.8454744627363732 -0.4795053068167069 0.02363103639833835 0.004945741392061252 0.49436043629409226 -0.869242935994087 -0.010191728684826672 0.971971159205923 0.20194227000330855 0.12037993202969582 -0.34726499219382245 0.0 0.0 0.0 1.0]
Frame:17, T_inverse:[0.28558773024501305 -0.8335783413726101 -0.4728496459984333 0.023224361761690796 0.004855966728556484 0.4946507486441233 -0.8690782797112692 -0.010199919899967942 0.9583402989104951 0.24590199698708703 0.14531400962687832 -0.34849176186958053 0.0 0.0 0.0 1.0]
Frame:18, T_inverse:[0.3353452572681958 -0.8193982934877497 -0.46489775825381074 0.022754030749398243 0.004748649062396284 0.49493604179153666 -0.8689164067956899 -0.010207829027076286 0.942083305824325 0.28917935024207453 0.16986549814905258 -0.3496955475425888 0.0 0.0 0.0 1.0]
Frame:19, T_inverse:[0.38419303378226927 -0.8029698660653315 -0.4556696168078283 0.022217794474843046 0.004623902451046944 0.4952155424292437 -0.8687577216823871 -0.010215329323673767 0.9232410306248799 0.3316635690592565 0.1939712900950303 -0.3508731777383785 0.0 0.0 0.0 1.0]
Frame:20, T_inverse:[0.43197819055208275 -0.7843439065950538 -0.44519576835882557 0.021624429158391776 0.004482983356396133 0.49549007218117397 -0.8686019068807226 -0.01022300322278638 0.9018728241244711 0.37322119673768084 0.21755715585563287 -0.35202119170819507 0.0 0.0 0.0 1.0]
Frame:21, T_inverse:[0.47858784136370547 -0.7635649107502108 -0.43349999282016893 0.020968527635859574 0.004325660025709329 0.49575788180044017 -0.8684499665750867 -0.01023040124592417 0.8780290019769721 0.4137543913340578 0.2405666244698049 -0.35313658005768817 0.0 0.0 0.0 1.0]
Frame:22, T_inverse:[0.5238924264755819 -0.7406896918775865 -0.4206131451234315 0.02025237046219137 0.004152691082928127 0.4960175163011877 -0.8683025860139502 -0.010237541037976161 0.8517742693435246 0.45315044985058855 0.26293569470535366 -0.3542163879115627 0.0 0.0 0.0 1.0]
Frame:23, T_inverse:[0.5677417991636569 -0.7157945363122097 -0.4065800873696125 0.019488746877381655 0.003963759907093392 0.4962692760649623 -0.8681595289981133 -0.010244360863968795 0.8231970935122137 0.4912788351998666 0.28459008904498767 -0.35525637481826106 0.0 0.0 0.0 1.0]
Frame:24, T_inverse:[0.6100539456650091 -0.6889266972322261 -0.39142581844675367 0.018663563934790448 0.0037604652623102488 0.49651182260268534 -0.8680217846490537 -0.010250934523945952 0.7923509618737935 0.528068205889304 0.30548967342564176 -0.3562552963274806 0.0 0.0 0.0 1.0]
Frame:25, T_inverse:[0.6506850521673206 -0.6601756159985147 -0.37520267656147516 0.017791093379944375 0.0035424441478301956 0.4967455427843589 -0.8678890054899098 -0.010257340702184613 0.7593394491121881 0.5633932367336005 0.32556355609377363 -0.3572097559999791 0.0 0.0 0.0 1.0]
Frame:26, T_inverse:[0.6895294660562256 -0.6296184206371928 -0.3579518796274047 0.016871539865697786 0.003310846635811107 0.4969680867975106 -0.8677623236999172 -0.010263259418775776 0.7242499186517827 0.5971624944721099 0.34475877137570243 -0.3581170327731532 0.0 0.0 0.0 1.0]
Frame:27, T_inverse:[0.7264907166447767 -0.5973298415930396 -0.33971792018352714 0.015902613849721806 0.003066017684471045 0.49718068204846405 -0.8676416051613234 -0.010269036967391568 0.6871694252281305 0.6292919986397176 0.3630285700871171 -0.35897528259263584 0.0 0.0 0.0 1.0]
Frame:28, T_inverse:[0.7614556577228928 -0.563409419476234 -0.32055427896439653 0.014892795196572573 0.0028091869473046947 0.4973804921346866 -0.8675279315753704 -0.010274189489657052 0.6482108790933658 0.659683596357489 0.38031594893560267 -0.3597816297819449 0.0 0.0 0.0 1.0]
Frame:29, T_inverse:[0.7943360847653742 -0.527942171367572 -0.300511624508496 0.013840765867757551 0.0025403377374184793 0.49756933704054646 -0.8674204537039569 -0.010279230394089426 0.6074732209228709 0.6882599282460606 0.39657845790037755 -0.36053400678642705 0.0 0.0 0.0 1.0]
Frame:30, T_inverse:[0.825042405497037 -0.4910238270819977 -0.27964380207102996 0.012748956757597818 0.002260020419387555 0.4977461419407829 -0.8673198021982715 -0.010283979702265742 0.5650663151703311 0.7149435650255702 0.4117713854785089 -0.3612304937568333 0.0 0.0 0.0 1.0]
Frame:31, T_inverse:[0.8534862298850785 -0.45276098870582937 -0.2580091727253714 0.01162273032953344 0.001969971238830187 0.4979091495459371 -0.8672269370173362 -0.010288163783840806 0.5211116602487544 0.7396579844279221 0.4258505572248838 -0.36186904523161084 0.0 0.0 0.0 1.0]
Frame:32, T_inverse:[0.8795893356717212 -0.4132592705907882 -0.23566794867976187 0.01046561359432164 0.0016708016218723084 0.498058297015308 -0.8671419018439795 -0.010291874985531087 0.47573082526064825 0.7623349982811889 0.4387772395514737 -0.3624477598599867 0.0 0.0 0.0 1.0]
Frame:33, T_inverse:[0.9032757022365547 -0.37263510105127867 -0.21268764615312938 0.009284561787406062 0.0013623284510585075 0.4981939703579932 -0.8670643461056509 -0.010295192662877274 0.42905837388202217 0.7829084087132718 0.4505141769454114 -0.36296451405851266 0.0 0.0 0.0 1.0]
Frame:34, T_inverse:[0.9244949256696058 -0.33097491730426765 -0.18911568693780847 0.008071346175098564 0.001046614908664749 0.4983155966976106 -0.8669950626708987 -0.010298201067733223 0.38119291213913836 0.801334617478334 0.4610366396483656 -0.3634188839435542 0.0 0.0 0.0 1.0]
Frame:35, T_inverse:[0.9431757341475123 -0.2884165542335209 -0.1650314096866689 0.0068400921219977946 0.0007231934228682766 0.4984228446460937 -0.8669337483149901 -0.010300773666220434 0.3322934776583547 0.8175515603523847 0.4703089431851387 -0.36380915961337157 0.0 0.0 0.0 1.0]
Frame:36, T_inverse:[0.9592725451120638 -0.24506744967789967 -0.14049257703507403 0.00558945227709271 0.0003954324455143026 0.4985146184173884 -0.866881210496733 -0.010302843843614275 0.2824819858573497 0.8315197422100528 0.47830828367515876 -0.3641344570388468 0.0 0.0 0.0 1.0]
Frame:37, T_inverse:[0.9727416936900255 -0.20104153886747442 -0.1155678386877578 0.004321659514967478 6.097219119092762e-05 0.4985922711630747 -0.8668365840120673 -0.010304770976739125 0.2318913985733237 0.8432010334333981 0.4850137163071606 -0.3643939260138691 0.0 0.0 0.0 1.0]
Frame:38, T_inverse:[0.9835448112705346 -0.15646394267110594 -0.09032508569028207 0.0030416461891819313 -0.00027709997187429973 0.4986538939012221 -0.8668011071761383 -0.010305956066140714 0.18066408238923984 0.8525627228552711 0.49040510889411465 -0.36458674045258854 0.0 0.0 0.0 1.0]
Frame:39, T_inverse:[0.9916507348137609 -0.1114667921447221 -0.06483830923574556 0.0017569176849363275 -0.0006169003960585204 0.49869975842964576 -0.8667744725891402 -0.010306677693508392 0.12895143224117553 0.8595774810548165 0.4944672178489163 -0.3647124642256496 0.0 0.0 0.0 1.0]
Frame:40, T_inverse:[0.9970400029376398 -0.06615669990999092 -0.039172605045240706 0.00046465034705010566 -0.0009615972247014935 0.4987305363391163 -0.8667565342742333 -0.010307040796371078 0.07687832766277443 0.8642285958131718 0.4971906940337132 -0.36477074471595206 0.0 0.0 0.0 1.0]
Frame:41, T_inverse:[0.9996968585969667 -0.020657451115851447 -0.013394358570854286 -0.0008320216276365291 -0.0013071067595180142 0.49874568103512634 -0.8667474002783383 -0.010307036220010125 0.02458517056828645 0.8665021803467432 0.49856751102490743 -0.36476139369580035 0.0 0.0 0.0 1.0]
Frame:42, T_inverse:[0.9996131950647911 0.024886706218038464 0.012415364716347023 -0.0021214579459374887 -0.0016517740341083608 0.4987449039931487 -0.8667472015700195 -0.010306494655905295 -0.027762584370792626 0.8663914173978002 0.49859311270839984 -0.36468433398701927 0.0 0.0 0.0 1.0]
Frame:43, T_inverse:[0.9967894555656779 0.07036954170483946 0.03819488876488312 -0.0034080359882239114 -0.0019960680815957316 0.4987286307927026 -0.866755853878411 -0.010305607569886424 -0.08004209788157095 0.8638969059806902 0.4972679354810151 -0.3645392536886103 0.0 0.0 0.0 1.0]
Frame:44, T_inverse:[0.9912320718463672 0.1156683243140103 0.06387324966924439 -0.00468887742925149 -0.0023402893466394586 0.49869664505873623 -0.8667734452254728 -0.010304252074310878 -0.1321116126606514 0.8590241485771369 0.4945947924239076 -0.36432711654279987 0.0 0.0 0.0 1.0]
Frame:45, T_inverse:[0.9829619762913921 0.16062443510362007 0.08936198960249041 -0.0059460205243421485 -0.002681869009382356 0.4986486216273709 -0.8668000557298965 -0.010302331256278765 -0.1837895131936494 0.851791811812558 0.49058340694045127 -0.3640487374179353 0.0 0.0 0.0 1.0]
Frame:46, T_inverse:[0.9719951540188189 0.2051556915169357 0.11461500701974278 -0.007193344989800215 -0.0030198334393136505 0.49858531108009213 -0.8668352998265263 -0.010299993962016155 -0.23498156070100157 0.8422135715324545 0.48524203039252944 -0.36370452290209343 0.0 0.0 0.0 1.0]
Frame:47, T_inverse:[0.958364598582414 0.24912248860693642 0.1395538447344102 -0.008420354772598584 -0.0033526527047124492 0.49850725528378786 -0.8668790376859162 -0.010297421367244338 -0.2855276585586731 0.8303182930515115 0.4785869215343889 -0.3632955548553781 0.0 0.0 0.0 1.0]
Frame:48, T_inverse:[0.9421030839867777 0.29241775536815967 0.16411447350388866 -0.009628933949131871 -0.0036818105971018465 0.49841286523597234 -0.8669318521201552 -0.0102940382786396 -0.33530305561405804 0.816134912463384 0.4706329658819984 -0.3628228967338221 0.0 0.0 0.0 1.0]
Frame:49, T_inverse:[0.9232634720417905 0.33489934403534777 0.18822050668175688 -0.01080610446386822 -0.004003330904956358 0.49830478604286965 -0.8669926391127508 -0.01029052019184315 -0.3841464771880089 0.7997091287435649 0.4614073179669975 -0.3622880970298429 0.0 0.0 0.0 1.0]
Frame:50, T_inverse:[0.9018924187952099 0.3764659344119201 0.21180998141300286 -0.011954847436647873 -0.004319884192029086 0.4981816960458275 -0.8670618818742284 -0.010286718057758664 -0.43193910514354344 0.7810815613835173 0.4509325829614718 -0.3616924125544471 0.0 0.0 0.0 1.0]
Frame:51, T_inverse:[0.878052034206914 0.4169957090869049 0.23481745854631947 -0.01306870096230297 -0.004627513310470866 0.49804484045844494 -0.8671389320958912 -0.010282456471403158 -0.47854283487653276 0.7603064430458797 0.43923893376869594 -0.3610374823029347 0.0 0.0 0.0 1.0]
Frame:52, T_inverse:[0.8518004436300908 0.45638958251645434 0.2571857308652775 -0.014149935272214925 -0.004925961577922368 0.4978938883854825 -0.8672239342964728 -0.010277665528677758 -0.5238431551282512 0.7374348432142162 0.42635442883305663 -0.360324984826817 0.0 0.0 0.0 1.0]
Frame:53, T_inverse:[0.8232177119753953 0.4945283118528774 0.2788447140502606 -0.015189998885506985 -0.005216474703245682 0.49772893047104727 -0.8673169406683066 -0.01027257905576392 -0.5677018495953494 0.7125360600891867 0.41231896269100743 -0.3595564670972347 0.0 0.0 0.0 1.0]
Frame:54, T_inverse:[0.792373864727593 0.5313164393014378 0.2997439874568768 -0.01619132266205949 -0.005495377476183829 0.4975517050820509 -0.8674168887258361 -0.01026710760846511 -0.6100109827227426 0.6856712455768377 0.3971667704616501 -0.3587343755854346 0.0 0.0 0.0 1.0]
Frame:55, T_inverse:[0.759358755247226 0.5666471237082522 0.3198205394505383 -0.01714784420895666 -0.005763402653951498 0.49736175892641593 -0.8675239464833931 -0.010261285853644268 -0.6506465341205085 0.6569186269739083 0.38094185960410964 -0.3578612579551515 0.0 0.0 0.0 1.0]
Frame:56, T_inverse:[0.7242681415795813 0.6004187049144767 0.3390178368813685 -0.01805426883377611 -0.006019636827853237 0.49716054292335027 -0.8676376767397411 -0.010255322026841629 -0.6894921970942497 0.6263615309730094 0.3636918388995756 -0.35693960704957467 0.0 0.0 0.0 1.0]
Frame:57, T_inverse:[0.687185005604811 0.6325515753219987 0.3572888276184183 -0.018914706770209726 -0.006263645921367071 0.4969470150141457 -0.8677582811639916 -0.010248806280526034 -0.7264554844540232 0.5940725574009953 0.3454566285752282 -0.35597142307223667 0.0 0.0 0.0 1.0]
Frame:58, T_inverse:[0.6482140292626913 0.662952888772596 0.37458225369756526 -0.019725333601449607 -0.006494433059434126 0.49672322111231804 -0.8678845726039998 -0.010242196435262235 -0.7614303601233995 0.560142221393119 0.32628850384989966 -0.35495955492024817 0.0 0.0 0.0 1.0]
Frame:59, T_inverse:[0.6074838404562164 0.6915242889858414 0.39084203159470676 -0.020473853272072736 -0.006711160142651039 0.4964892995041422 -0.8680169056448611 -0.010235210529441452 -0.7943036965056447 0.5246832643239411 0.3062501523735267 -0.35390744376003047 0.0 0.0 0.0 1.0]
Frame:60, T_inverse:[0.5650731101323294 0.7182111838435304 0.40603544753323495 -0.021172997289358876 -0.006913946564873298 0.49624499395758687 -0.868154840130914 -0.010227913847520063 -0.8250117037807561 0.4877635633995324 0.2853804571352592 -0.3528168885231297 0.0 0.0 0.0 1.0]
Frame:61, T_inverse:[0.5211242690801905 0.7429226900881979 0.42011353202060553 -0.021809510540881677 -0.0071015531348459565 0.49599290604564444 -0.8682974919314453 -0.010220548270939152 -0.8534512362836107 0.4495074011537413 0.26374984294193177 -0.35169187520556816 0.0 0.0 0.0 1.0]
Frame:62, T_inverse:[0.4757238142109951 0.7656093917874425 0.433046314889704 -0.02239572266614907 -0.007274065654172617 0.4957323108872973 -0.8684449050661119 -0.010213025857621674 -0.8795646096713857 0.4099899378369145 0.2414007487801956 -0.3505343343346149 0.0 0.0 0.0 1.0]
Frame:63, T_inverse:[0.4290711659464455 0.7861741799326781 0.4447786734110544 -0.02289998352021782 -0.007430035630387539 0.4954643225834348 -0.8685964672022634 -0.010205115562604837 -0.903240115338012 0.3693849577262263 0.21843077920953788 -0.34934880511389926 0.0 0.0 0.0 1.0]
Frame:64, T_inverse:[0.3811918532593827 0.8046059657582262 0.45530422308568735 -0.023361466466840168 -0.007570065098249445 0.49518922657533904 -0.8687521517888452 -0.010197092909188495 -0.9244649235763519 0.32771451651034555 0.19485302959781595 -0.34813646963637707 0.0 0.0 0.0 1.0]
Frame:65, T_inverse:[0.3322825981707468 0.8208261462880121 0.46457782983339335 -0.023752882527483466 -0.007693449793732243 0.4949079924796722 -0.8689112721822391 -0.010188938045639636 -0.9431483766899098 0.2851497994430878 0.17076435260669862 -0.346902473122594 0.0 0.0 0.0 1.0]
Frame:66, T_inverse:[0.28245825508158456 0.8347971322297232 0.4725790898810816 -0.02408058862308678 -0.007799850313248266 0.4946219346655072 -0.8690732010126678 -0.010180749855457038 -0.9592478766258642 0.2417908300875961 0.14622135460853697 -0.3456497184754405 0.0 0.0 0.0 1.0]
Frame:67, T_inverse:[0.23187044825389153 0.8464771899486431 0.47928314713666353 -0.024338493084824536 -0.0078885840576666 0.49433131878282455 -0.8692377119382334 -0.010172328495235496 -0.9727145962013648 0.1977696152822515 0.12129837021876046 -0.3443818713090566 0.0 0.0 0.0 1.0]
Frame:68, T_inverse:[0.18063596631145415 0.8558390571039495 0.48467518114798286 -0.02453361705053065 -0.007959864799783823 0.49403743120539434 -0.8694041427256968 -0.010163920218866314 -0.9835177466413065 0.15318762427028274 0.09605333023401495 -0.3431020011340946 0.0 0.0 0.0 1.0]
Frame:69, T_inverse:[0.12890132254404163 0.8628553381331325 0.4887382446067386 -0.024663268238326628 -0.008013403395084778 0.4937401352087903 -0.8695725676939852 -0.01015543339063135 -0.9916250245026444 0.10817258083491511 0.07055817350909979 -0.3418138124268609 0.0 0.0 0.0 1.0]
Frame:70, T_inverse:[0.07682889542416589 0.8675041939767429 0.49146061455527573 -0.024719806133459813 -0.008048974460206174 0.493441262959169 -0.8697418000351552 -0.010146949029160527 -0.9970116492351535 0.06286541364347727 0.04489314890361318 -0.3405210725221186 0.0 0.0 0.0 1.0]
Frame:71, T_inverse:[0.02455376142412697 0.8697755569760404 0.4928363220131498 -0.0247059444242448 -0.008066457246874895 0.4931412331774651 -0.8699118676043753 -0.010138415733403466 -0.9996660173376127 0.017384202590597687 0.01912445854336338 -0.3392274847761732 0.0 0.0 0.0 1.0]
Frame:72, T_inverse:[-0.027787239844458005 0.8696640243008322 0.49286149507525584 -0.024624000322291627 -0.00806581842933627 0.4928407196520028 -0.8700821734104379 -0.01012986296416202 -0.9995813603932123 -0.028152466768374337 -0.006680157751065334 -0.33793620489296566 0.0 0.0 0.0 1.0]
Frame:73, T_inverse:[-0.0800921672691632 0.8671670083056635 0.49153463157461297 -0.024487972910991564 -0.008047011173716518 0.492540372950188 -0.8702523182140266 -0.010121316666015456 -0.9967548280695151 -0.07365591668753611 -0.03247044273084857 -0.3366490663745099 0.0 0.0 0.0 1.0]
Frame:74, T_inverse:[-0.1321467038808394 0.8622943165694532 0.48886163882834155 -0.02427425605618743 -0.008010423813905931 0.49224168655036205 -0.8704217008983842 -0.010112931694238658 -0.9911977768289351 -0.1189393596682725 -0.0581407649859711 -0.33537217851777845 0.0 0.0 0.0 1.0]
Frame:75, T_inverse:[-0.18385435761285973 0.855056062601341 0.48484712315470374 -0.023999334927552893 -0.007955762016640736 0.4919447871813156 -0.8705900641686133 -0.010104582208364304 -0.9829213595250096 -0.16391908719384482 -0.08364359120792589 -0.33410797110060053 0.0 0.0 0.0 1.0]
Frame:76, T_inverse:[-0.2350267033666054 0.8454793422818582 0.47950724393907224 -0.02364791266220362 -0.007883727298220596 0.4916513957575545 -0.8707564514562068 -0.010096454819657083 -0.9719569813914468 -0.20843128596817512 -0.10888570134042116 -0.33286074640883917 0.0 0.0 0.0 1.0]
Frame:77, T_inverse:[-0.2855831376934728 0.8335800635215829 0.4728491902046743 -0.02324141526350045 -0.007793471740563529 0.4913609696839093 -0.8709211369441339 -0.010088261988815291 -0.9583221246939564 -0.2524056008301297 -0.133827869177238 -0.33163259271313056 0.0 0.0 0.0 1.0]
Frame:78, T_inverse:[-0.33533630182063456 0.819401434637205 0.464898735671745 -0.022763987527808238 -0.0076863674922389895 0.4910754649045885 -0.8710831109845607 -0.010080380438181895 -0.9420671226052983 -0.29567916683695583 -0.15837720098159605 -0.3304281830573001 0.0 0.0 0.0 1.0]
Frame:79, T_inverse:[-0.3841960530087207 0.8029688183868019 0.4556689993594931 -0.022233196747082854 -0.007561975985311485 0.4907947556267881 -0.8712423457092001 -0.010072652334956477 -0.9232204471794594 -0.3381737064358367 -0.18248933401610692 -0.32924959185313835 0.0 0.0 0.0 1.0]
Frame:80, T_inverse:[-0.4319844942023311 0.7843414781726522 0.44519411744156057 -0.021635080315581628 -0.007421079549584492 0.4905204171463007 -0.8713981074578061 -0.010065111128829516 -0.9018504688846927 -0.37973428965375255 -0.20607654864530203 -0.328101298621921 0.0 0.0 0.0 1.0]
Frame:81, T_inverse:[-0.4785998844650919 0.763559482709114 0.4334961598547812 -0.020981432518524027 -0.007263448263282567 0.4902529401189148 -0.8715499305224839 -0.010057668861585052 -0.878002977325854 -0.4202724089627397 -0.2290888876996569 -0.3269854641221403 0.0 0.0 0.0 1.0]
Frame:82, T_inverse:[-0.5238933503705592 0.740688871637299 0.42061266037085915 -0.020266817290167313 -0.00709021442911336 0.4899932825640931 -0.871697247081433 -0.01005052827206394 -0.8517539308193665 -0.4596589612732334 -0.25145238035878037 -0.32590578335476533 0.0 0.0 0.0 1.0]
Frame:83, T_inverse:[-0.5677524023172843 0.7157881555848696 0.40657635139687576 -0.019497066132008977 -0.006901790992770552 0.4897415560984904 -0.8718402858344423 -0.01004369507467479 -0.8231703035708646 -0.4977956117112392 -0.27311167190008173 -0.3248643815916425 0.0 0.0 0.0 1.0]
Frame:84, T_inverse:[-0.6100485776081643 0.6889299961071298 0.39142729375905694 -0.01867112589607938 -0.006697789003336673 0.4894985909130208 -0.8719781913802636 -0.010036995467956687 -0.7923351934846075 -0.5345711664027902 -0.29400338815155225 -0.3238648618034994 0.0 0.0 0.0 1.0]
Frame:85, T_inverse:[-0.6506835638676409 0.6601768500334461 0.3752030086110165 -0.01779824084096858 -0.006480505206723258 0.4892656414001092 -0.8721107153568306 -0.010030862843150235 -0.7593212373702439 -0.569899722070513 -0.314078814709554 -0.3229096321090496 0.0 0.0 0.0 1.0]
Frame:86, T_inverse:[-0.689535355681066 0.6296137305206914 0.35794901845233645 -0.016876868608918558 -0.006248798640441298 0.4890424426417125 -0.8722375962456143 -0.010024911777120369 -0.7242250644993216 -0.6036754411259967 -0.3332777182229326 -0.32200143356045124 0.0 0.0 0.0 1.0]
Frame:87, T_inverse:[-0.7265004482343523 0.5973211677381475 0.33971207393092334 -0.01591077605948973 -0.006003777647660551 0.4888305782659162 -0.8723580571200641 -0.010019105059626512 -0.6871395826745491 -0.6358081608886318 -0.35154937093234584 -0.32114276271122844 0.0 0.0 0.0 1.0]
Frame:88, T_inverse:[-0.7614653745843718 0.563399817212136 0.32054829931539025 -0.014897170700831009 -0.00574628336143729 0.48862971959754103 -0.8724723644168164 -0.010013829226007702 -0.6481801807208839 -0.6661994108107224 -0.36883719896601946 -0.32033625823588446 0.0 0.0 0.0 1.0]
Frame:89, T_inverse:[-0.7943462677404318 0.5279302993905586 0.3005056152991452 -0.01384409156067366 -0.005478175364457186 0.4884420651798491 -0.8725791041640408 -0.010008713592226527 -0.6074405203088532 -0.6947762250635287 -0.38510003542319354 -0.31958390473807885 0.0 0.0 0.0 1.0]
Frame:90, T_inverse:[-0.8250454283518974 0.4910202830224139 0.2796412159993404 -0.012750665667218634 -0.005198209658433978 0.4882657532415727 -0.8726795381810897 -0.010004185766962975 -0.5650426104437235 -0.7214538781540774 -0.40028905537183473 -0.31888776789745243 0.0 0.0 0.0 1.0]
Frame:91, T_inverse:[-0.8534920201104818 0.4527528871435705 0.25800449010549875 -0.011627441119005445 -0.004908293596280285 0.4881028560666967 -0.8727723348094434 -0.009999983421021858 -0.5210829068597099 -0.7461704923924567 -0.41436965669889025 -0.31824955100019564 0.0 0.0 0.0 1.0]
Frame:92, T_inverse:[-0.8795980798018251 0.4132453730737815 0.23565912991334098 -0.01047172127946094 -0.004607669407655554 0.4879524497826539 -0.872858031810726 -0.0099961832026876 -0.4756949878104711 -0.7688501906364462 -0.42729788702849786 -0.31767126151882497 0.0 0.0 0.0 1.0]
Frame:93, T_inverse:[-0.9032855525032354 0.37261701408370373 0.2126776027930365 -0.009282182259371182 -0.004300751472732201 0.4878171749181602 -0.8729352352785441 -0.009992817413776535 -0.429018288249362 -0.7894244502666607 -0.43903563427214687 -0.31715403372555984 0.0 0.0 0.0 1.0]
Frame:94, T_inverse:[-0.9245055421402052 0.33095305880528353 0.1891018973963306 -0.00807356958695492 -0.003983510601703225 0.4876949472648153 -0.8730050290174969 -0.009989848896831478 -0.3811477086891921 -0.8078512869170615 -0.44955830185088697 -0.3166994945818625 0.0 0.0 0.0 1.0]
Frame:95, T_inverse:[-0.943183318165066 0.28839904218249685 0.16501888841609852 -0.006835614167033038 -0.003660484821476793 0.4875879924193736 -0.8730661540056696 -0.00998727487049634 -0.33225267961831406 -0.8240654713277015 -0.4588291873535124 -0.3163091776595233 0.0 0.0 0.0 1.0]
Frame:96, T_inverse:[-0.9592779596883031 0.24505033876017818 0.1404819598084857 -0.005580462122593659 -0.003332219121858054 0.4874956788853234 -0.8731189132787004 -0.009985165201936166 -0.28244245989274785 -0.838032269439538 -0.46682709328086774 -0.31598404890352216 0.0 0.0 0.0 1.0]
Frame:97, T_inverse:[-0.9727460866788061 0.2010246504027902 0.11555674984326036 -0.004312325219390365 -0.0029984965265952303 0.4874186182341408 -0.873163180089057 -0.009983504212267005 -0.2318518532008508 -0.84971286361448 -0.4735316169851029 -0.3157249896617881 0.0 0.0 0.0 1.0]
Frame:98, T_inverse:[-0.9835496397905285 0.15643982874614637 0.09030928523547864 -0.003035385044432624 -0.0026597683365429986 0.4873566321867346 -0.8731988451917958 -0.00998230287981293 -0.18061592496227105 -0.8590750252657117 -0.47892312852837227 -0.3155326891564459 0.0 0.0 0.0 1.0]
Frame:99, T_inverse:[-0.9916545768401679 0.11144015248698594 0.06482324820148022 -0.0017448445209248707 -0.0023187087055357137 0.4873105936803584 -0.873225616424328 -0.009981421142949289 -0.12890146115819584 -0.8660885613098641 -0.4829853199997509 -0.31540779913708206 0.0 0.0 0.0 1.0]
Frame:100, T_inverse:[-0.997041140563643 0.06614485727733134 0.03916524640118176 -0.0004460726963733473 -0.001975572825337218 0.4872800582082122 -0.8732435185553634 -0.009981018238160529 -0.07684500497633284 -0.8707370689605928 -0.4857075976508812 -0.3153506389295632 0.0 0.0 0.0 1.0]
Frame:101, T_inverse:[-0.9996972780042677 0.02064329081191265 0.013384963877124187 0.0008448099965689458 -0.0016301931117815006 0.48726510773843296 -0.8732525918750238 -0.00998110923928473 -0.02454883284846155 -0.8730100415139305 -0.48708392380358595 -0.3153611132608268 0.0 0.0 0.0 1.0]
Frame:102, T_inverse:[-0.9996122274676159 -0.024912342065013367 -0.012431681831985206 0.002134107903423981 -0.0012834492673307366 0.48726647230109377 -0.8732523749058895 -0.009981415549574234 0.027812304097062236 -0.8728978811234983 -0.48710942139728763 -0.31543936481400614 0.0 0.0 0.0 1.0]
Frame:103, T_inverse:[-0.9967867476680392 -0.07039833417163563 -0.038212165878999144 0.0034182338409956357 -0.0009383623104206861 0.4872826420656219 -0.8732438262254849 -0.009982514941284019 0.08009502782245123 -0.8704020520764786 -0.48578293059403127 -0.31558464324732854 0.0 0.0 0.0 1.0]
Frame:104, T_inverse:[-0.9912299495390644 -0.11568129345485012 -0.06388101335025546 0.004696937673397103 -0.0005958881825394444 0.48731501529276733 -0.8732260039154679 -0.009983769116841191 0.13214609625621734 -0.8655298203384184 -0.48311013437042155 -0.3157970577119261 0.0 0.0 0.0 1.0]
Frame:105, T_inverse:[-0.982954075335543 -0.16065979381892087 -0.08938448796882824 0.005957453402653415 -0.0002535214852028155 0.48736323583652874 -0.8731992593420561 -0.009985622339974515 0.18385073161853205 -0.8582921927920432 -0.47909639297259704 -0.3160761138019128 0.0 0.0 0.0 1.0]
Frame:106, T_inverse:[-0.971989199925032 -0.20517599813551052 -0.11462865365355027 0.007210173739335015 8.39255174587569e-05 0.4874258670145212 -0.8731643431993024 -0.009988074374809947 0.23502534315218954 -0.8487159780440776 -0.4737554123257471 -0.3164208374039147 0.0 0.0 0.0 1.0]
Frame:107, T_inverse:[-0.9583550527074481 -0.24915011805482795 -0.13956980737027322 0.008435602766261164 0.00041684758874908196 0.4875043436356571 -0.8731204597036056 -0.009990749749439127 0.28557896750372397 -0.8368176394100992 -0.46709836628970125 -0.31683063520319643 0.0 0.0 0.0 1.0]
Frame:108, T_inverse:[-0.9420932999467971 -0.29244024763829174 -0.1641292291106248 0.00963784797447464 0.0007458240160757965 0.4875982324444373 -0.8730677312849483 -0.009993877925654244 0.33534928952500137 -0.8226339048814162 -0.4591447752873198 -0.3173039989085947 0.0 0.0 0.0 1.0]
Frame:109, T_inverse:[-0.9232539544426508 -0.3349189812729031 -0.1882324935306521 0.010817757264643202 0.0010680620719472449 0.48770655747205893 -0.8730069959723 -0.009997497811369136 0.38418884255614966 -0.8062081706215254 -0.4499193199198408 -0.31783983145612454 0.0 0.0 0.0 1.0]
Frame:110, T_inverse:[-0.9018831464597092 -0.3764816961463961 -0.2118208766551496 0.011967236854544861 0.0013832988883696032 0.4878295544381792 -0.8729377963964452 -0.010001427107316644 0.4319775888338206 -0.7875809599812617 -0.4394443893094841 -0.31843656839332035 0.0 0.0 0.0 1.0]
Frame:111, T_inverse:[-0.8780338386519779 -0.4170233131178436 -0.2348343735934393 0.013079568720892411 0.0016905318032441217 0.4879665428883012 -0.8728605605720985 -0.010005764231053963 0.4785945522238285 -0.7667984975035839 -0.42774589450474654 -0.31909279133138824 0.0 0.0 0.0 1.0]
Frame:112, T_inverse:[-0.851780194747896 -0.4564174795456175 -0.2572031888688089 0.014157476325850151 0.0019901039321424925 0.4881178495998071 -0.8727754623625938 -0.010010516888089823 0.5238954189694723 -0.7439247541196945 -0.4148607353310271 -0.31980658837993947 0.0 0.0 0.0 1.0]
Frame:113, T_inverse:[-0.823199111602442 -0.49455046940956715 -0.27886017918547434 0.015201052000446014 0.0022794041973736227 0.48828204285563354 -0.8726828723786592 -0.010015632487096783 0.567748165847938 -0.7190274221518184 -0.4008260631939731 -0.32057505416088966 0.0 0.0 0.0 1.0]
Frame:114, T_inverse:[-0.7923575995767423 -0.5313337794019942 -0.2997564109241151 0.016200474983431818 0.002558588779057593 0.48845940169934465 -0.8725828685531426 -0.010021031791503564 0.6100515647401592 -0.6921645929131784 -0.38567508571646847 -0.3213971477224357 0.0 0.0 0.0 1.0]
Frame:115, T_inverse:[-0.759337204583551 -0.5666670808523309 -0.31983503185894757 0.017151954553894597 0.0028271407793195487 0.48864952006343826 -0.8724754504924007 -0.010026814749002837 0.6506904414979241 -0.6634077367959181 -0.3694474766810184 -0.3222704179936219 0.0 0.0 0.0 1.0]
Frame:116, T_inverse:[-0.7242453824312686 -0.6004382873346079 -0.3390316337662681 0.018061254881693394 0.0030835297244990304 0.48885121759327715 -0.8723617289874634 -0.010032920722206145 0.6895353845835935 -0.6328493739256138 -0.35219677843253183 -0.32319258950393087 0.0 0.0 0.0 1.0]
Frame:117, T_inverse:[-0.6871575206003526 -0.6325724889113006 -0.3573034201756021 0.0189162683583076 0.0033271439626922175 0.489064382779548 -0.8722411947809412 -0.01003926622874501 0.7265002603695132 -0.6005562724062794 -0.33395936947667926 -0.32416099429030837 0.0 0.0 0.0 1.0]
Frame:118, T_inverse:[-0.648195898026198 -0.662964872120511 -0.374592425640631 0.019723569356727304 0.003558225484919407 0.4892886028096273 -0.8721146464768227 -0.010045978384427496 0.7614651846980061 -0.5666340990065486 -0.31479587282527305 -0.32517305661852197 0.0 0.0 0.0 1.0]
Frame:119, T_inverse:[-0.6074532458033909 -0.691543552030644 -0.39085538159541805 0.020475087023904028 0.0037751314662020996 0.4895221748769621 -0.8719826686968662 -0.010053080667101866 0.7943463963437376 -0.531164292911544 -0.2947511518846574 -0.3262259627608686 0.0 0.0 0.0 1.0]
Frame:120, T_inverse:[-0.5651340642818414 -0.7181734008434787 -0.40601781513986257 0.02120561801767693 0.003977492378465556 0.48976584064288403 -0.8718449610952098 -0.01006023902900325 0.824989505708045 -0.49432420860417037 -0.2739268040749144 -0.32731463714728015 0.0 0.0 0.0 1.0]
Frame:121, T_inverse:[-0.5186115563286484 -0.7442500975259748 -0.4208725278005983 0.020851309970990807 0.004175216237593977 0.4900326196919396 -0.8716940837976239 -0.010069003507963848 0.8549996477784012 -0.4538279261295996 -0.25102910627296415 -0.32864238951579056 0.0 0.0 0.0 1.0]
