Frame:1, T_inverse:[-0.4136472990531234 -0.7926709259442641 -0.4478489082276215 0.02296124552274038 0.008962504660220392 0.4883362201730042 -0.8726095325998813 -0.009003258917380057 0.9103930440082907 -0.3649664634014348 -0.19489463006249463 -0.33025066555906135 0.0 0.0 0.0 1.0]
Frame:2, T_inverse:[-0.368104607840743 -0.8096699246306176 -0.45709266531327425 0.024432321965612316 0.009030771191302469 0.488474820172314 -0.8725312822018767 -0.00900719206172877 0.9297405728280413 -0.325310667263983 -0.1724979100516407 -0.33131234787172065 0.0 0.0 0.0 1.0]
Frame:3, T_inverse:[-0.319005556619908 -0.8254762956718297 -0.4656436011111013 0.024913454400249627 0.00909386215217266 0.48862488037165946 -0.8724464736294777 -0.009011705211183487 0.9477090495837556 -0.2825499413222977 -0.14836718210328828 -0.3326029774091621 0.0 0.0 0.0 1.0]
Frame:4, T_inverse:[-0.26895934596212173 -0.8390443334596489 -0.47293233422171005 0.025300395176399138 0.009148309144812152 0.4887784987375898 -0.8723598589735714 -0.00901639995951572 0.9631077963597146 -0.2389560929881814 -0.12378557009582472 -0.33391769527124454 0.0 0.0 0.0 1.0]
Frame:5, T_inverse:[-0.21818800986374146 -0.8503094477166705 -0.4789234706869261 0.025622230176337718 0.009193649460670422 0.4889345070491109 -0.8722720311504085 -0.00902120868805064 0.9758633641388433 -0.19472241583559932 -0.0988621674619256 -0.33525095049876524 0.0 0.0 0.0 1.0]
Frame:6, T_inverse:[-0.1668137213819758 -0.8592450886582025 -0.48360210421625327 0.025872121741789305 0.009229207486903378 0.4890922526721643 -0.8721832125133272 -0.009025957681935 0.9859451762446213 -0.1499554365718209 -0.07365712596611525 -0.3365991479409804 0.0 0.0 0.0 1.0]
Frame:7, T_inverse:[-0.11498062000721923 -0.8658254715667254 -0.4869553826488702 0.026050572314113046 0.009254949663112267 0.4892516307566099 -0.8720935061907973 -0.009030673528600586 0.9933245391510377 -0.10478066128402963 -0.048241247807893496 -0.33795877067049945 0.0 0.0 0.0 1.0]
Frame:8, T_inverse:[-0.06283326300022544 -0.8700324708796563 -0.4889735942188288 0.026157920684990704 0.009271357562276527 0.48941185208330595 -0.8720033692767163 -0.009035472983204373 0.9979808090699002 -0.05932439117157015 -0.02268488474909561 -0.3393259039078971 0.0 0.0 0.0 1.0]
Frame:9, T_inverse:[-0.010505381124795505 -0.8718550045367804 -0.4896513016478232 0.02619076366362407 0.009278080808599758 0.48957227440855233 -0.8719133370746778 -0.00904028608727708 0.9999017129271818 -0.013702835180456677 0.0029460150928533593 -0.3406972439509566 0.0 0.0 0.0 1.0]
Frame:10, T_inverse:[0.041824575953252195 -0.8712877256612114 -0.48898713321358256 0.026160958158458928 0.009275251409883568 0.48973290520539486 -0.8718231692566425 -0.009045101913270178 0.9990819222522908 0.03192814458029768 0.028564288758000253 -0.342067776515818 0.0 0.0 0.0 1.0]
Frame:11, T_inverse:[0.09406437336143901 -0.8683317819512338 -0.48698208918926156 0.026051037730053656 0.009262980096621099 0.489893205883461 -0.8717331781350239 -0.00905000437322384 0.9955228950042128 0.07748803632153531 0.05412489466574079 -0.3434352430026544 0.0 0.0 0.0 1.0]
Frame:12, T_inverse:[0.14604630061518895 -0.862994912648008 -0.48364259872167453 0.02586970436563935 0.009240541100116122 0.4900532992746612 -0.8716434410931428 -0.009054700095663023 0.9892345706301613 0.12283115510169473 0.07954503607002184 -0.3447955276133103 0.0 0.0 0.0 1.0]
Frame:13, T_inverse:[0.19761160249219625 -0.8552951237173007 -0.478977963947057 0.025623131869740697 0.009209042528413649 0.4902114335752973 -0.8715549090579118 -0.009059474961723232 0.9802370945796925 0.1678183928068847 0.10474792715842803 -0.34614333642657225 0.0 0.0 0.0 1.0]
Frame:14, T_inverse:[0.24864615381454486 -0.8452487736328799 -0.4730003984846211 0.02530253280817767 0.009167696938554949 0.49036888137926243 -0.8714667079403029 -0.009064176978092833 0.9685509073268335 0.21235043025514577 0.1296773636936111 -0.34747666146088674 0.0 0.0 0.0 1.0]
Frame:15, T_inverse:[0.2989908605085898 -0.8328882400891874 -0.46572699271390133 0.024915642378842296 0.009117361035951692 0.49052357626291826 -0.87138025462863 -0.009068849321068197 0.9542124045367502 0.25628853098362697 0.15425581311476558 -0.34879128809576454 0.0 0.0 0.0 1.0]
Frame:16, T_inverse:[0.34852652325240324 -0.8182418907720505 -0.4571754951848761 0.02445658140986959 0.009057663038638487 0.4906759689305747 -0.8712949985336208 -0.009073416113969043 0.9372551070099495 0.2995284334822707 0.17842496295693427 -0.35008405349922983 0.0 0.0 0.0 1.0]
Frame:17, T_inverse:[0.3971058132489724 -0.8013526182768183 -0.44737105724970466 0.023930824015829626 0.008988832632439228 0.49082555204691425 -0.8712114651145133 -0.00907788435572475 0.9177287713854729 0.34194179312170003 0.2021129212908688 -0.35135106701463864 0.0 0.0 0.0 1.0]
Frame:18, T_inverse:[0.44458265449787226 -0.7822727915356319 -0.43634321587098346 0.023344948966794555 0.008911206304519326 0.49097138941678514 -0.8711300711778573 -0.009082195248542686 0.8956933992310937 0.38340089097157254 0.22524840004955546 -0.35258870414887705 0.0 0.0 0.0 1.0]
Frame:19, T_inverse:[0.4908632871809769 -0.761039009289373 -0.4241142674695225 0.022686257382574442 0.008825067405399817 0.4911139821025852 -0.8710506469158472 -0.009086535523838665 0.8711919062770938 0.42382395606148243 0.2477860425611468 -0.3537943563448655 0.0 0.0 0.0 1.0]
Frame:20, T_inverse:[0.535779822333082 -0.7377281259526889 -0.4107275502947692 0.021972927997027637 0.008730391180590434 0.4912520889117077 -0.8709736664247376 -0.009090636022955916 0.8443125789886134 0.46306427857401095 0.2696436301152533 -0.3549637470088785 0.0 0.0 0.0 1.0]
Frame:21, T_inverse:[0.5792391180629903 -0.7123894157121413 -0.39621125198207413 0.021194621350297347 0.008627828332329598 0.4913854139511635 -0.8708994879369946 -0.009094570413876176 0.8151119761623689 0.5010405803704259 0.2907760542681317 -0.35609437331777194 0.0 0.0 0.0 1.0]
Frame:22, T_inverse:[0.6211030873812277 -0.6851021746818233 -0.38061263867753914 0.02036161562801297 0.008516914202804201 0.49151476978095043 -0.8708276252609604 -0.00909844100296642 0.783682598565889 0.5376320998138302 0.31111631036452647 -0.3571826462715399 0.0 0.0 0.0 1.0]
Frame:23, T_inverse:[0.6612708983503682 -0.6559330073410622 -0.363967910493883 0.019469923207796357 0.008398466676450883 0.49163858645354774 -0.8707587902486744 -0.009102103667636844 0.7501001277382097 0.572750668215011 0.3306151281278222 -0.35822535995475346 0.0 0.0 0.0 1.0]
Frame:24, T_inverse:[0.6996188005613633 -0.6249720381703345 -0.34632839150063044 0.0185284873004553 0.008272877272286925 0.4917562129034437 -0.8706934422330969 -0.00910543085318888 0.7144683016063821 0.6062882873266415 0.34921226455877186 -0.35921985521368627 0.0 0.0 0.0 1.0]
Frame:25, T_inverse:[0.7360538380339776 -0.5922944044705858 -0.327737842145214 0.017533936453669824 0.008140948851015408 0.49186862831613404 -0.8706313279095015 -0.009108879932970432 0.6768740625258681 0.6381634517415922 0.366863639011739 -0.36016389817801675 0.0 0.0 0.0 1.0]
Frame:26, T_inverse:[0.7704749138709022 -0.5579892808414068 -0.3082472141072815 0.016489429196764105 0.008001647245839674 0.4919748338897295 -0.8705725956751269 -0.009111997811436776 0.6374200805913922 0.6682878441485337 0.38351909653584176 -0.36105476084895205 0.0 0.0 0.0 1.0]
Frame:27, T_inverse:[0.8027810741132517 -0.5221575852403773 -0.2879130405008517 0.015401180957117344 0.00785657561187582 0.49207471731760744 -0.870517380933146 -0.009114992497124797 0.596222042661649 0.6965728311882068 0.39913065679217113 -0.3618897427845694 0.0 0.0 0.0 1.0]
Frame:28, T_inverse:[0.8328843438530373 -0.48489797703099136 -0.2667911200406377 0.014272381387583919 0.007705835882611384 0.4921672270121852 -0.8704664416585658 -0.009117608361859186 0.553393306764528 0.7229420332976689 0.4136549487145611 -0.3626666763159972 0.0 0.0 0.0 1.0]
Frame:29, T_inverse:[0.8607074900491638 -0.44630556704513236 -0.2449366628018145 0.013102691419318715 0.00754944188017642 0.49225344561559076 -0.8704191372963452 -0.0091201844223537 0.509043837998221 0.7473270864586994 0.42705557907670566 -0.36338362112719447 0.0 0.0 0.0 1.0]
Frame:30, T_inverse:[0.8861672633276253 -0.4064962838778947 -0.22241476310826305 0.011900329531559815 0.007387946614210643 0.49233262598304534 -0.8703757475347416 -0.009122631835313687 0.4633065642616567 0.7696553430000755 0.4392922278354242 -0.36403842874312903 0.0 0.0 0.0 1.0]
Frame:31, T_inverse:[0.909203438072058 -0.36556442330577765 -0.1992781808137749 0.010661151942128709 0.007221977032330653 0.4924039837753112 -0.8703367688489535 -0.00912468539470526 0.416289531042239 0.7898740142041499 0.45033549763246633 -0.364629313578325 0.0 0.0 0.0 1.0]
Frame:32, T_inverse:[0.9297471429598837 -0.32363090519638044 -0.17559404824220726 0.009392968733540504 0.007053119892173908 0.4924670639882608 -0.8703025152799176 -0.009126437192046614 0.3681310664247992 0.8079228049270144 0.4601524525359675 -0.3651547682030597 0.0 0.0 0.0 1.0]
Frame:33, T_inverse:[0.9477434053310972 -0.2808063038718508 -0.15142736180642943 0.008097328347807544 0.006880089304378549 0.4925230831217902 -0.8702721570330526 -0.009128186877040798 0.31895939362457804 0.8237529158931357 0.46871746346836285 -0.36561260439765864 0.0 0.0 0.0 1.0]
Frame:34, T_inverse:[0.9631373682560662 -0.23722300431119767 -0.1268528025076948 0.0067846999570713475 0.006703015805007582 0.49257085747905044 -0.8702465327088971 -0.009129461972267081 0.2689264905753057 0.8373166402434474 0.47600349025036326 -0.36600218356286646 0.0 0.0 0.0 1.0]
Frame:35, T_inverse:[0.9758922413370182 -0.1929895171366712 -0.1019285841189999 0.005452992158464938 0.006525025083632598 0.492610173734129 -0.8702255944745331 -0.009130490319292233 0.21815547599799773 0.8485813476533902 0.4819936677919148 -0.36632247684519775 0.0 0.0 0.0 1.0]
Frame:36, T_inverse:[0.9859731797980508 -0.14822382841927206 -0.07672406635626115 0.004105153222356803 0.006344086671785477 0.4926409902615555 -0.8702093893005726 -0.009131107042606695 0.16678320564191898 0.8575163415967001 0.486671162368053 -0.36657255707276815 0.0 0.0 0.0 1.0]
Frame:37, T_inverse:[0.9933520244037951 -0.10304965158149319 -0.05130839955138389 0.0027452915127121826 0.006161367172401177 0.4926641943208698 -0.8701975368877938 -0.009131712378266715 0.11495137861575312 0.8640963362928828 0.49002390346530506 -0.3667518931048943 0.0 0.0 0.0 1.0]
Frame:38, T_inverse:[0.998008047779179 -0.057591963055704694 -0.025751448782420115 0.001377530095320928 0.005977638501827677 0.49267972898326395 -0.8701901344369337 -0.009132339917180664 0.06280317925597037 0.8683028050834413 0.49204259473233064 -0.36685990934028134 0.0 0.0 0.0 1.0]
Frame:39, T_inverse:[0.9999282006002888 -0.011983392932041053 -0.000126982201577805 8.720586526497024e-06 0.005793968625477873 0.4926860629901954 -0.8701878399261715 -0.009132426571697952 0.010490365549169049 0.8701245704027182 0.4927201304975201 -0.36689627467559555 0.0 0.0 0.0 1.0]
Frame:40, T_inverse:[0.9991081735916806 0.03365741583645703 0.02549654631108154 -0.001359697323093486 0.005609362122065433 0.49268430131445357 -0.8701900804245281 -0.009132387992618767 -0.041850094296301495 0.8695570301770298 0.4920561147901041 -0.3668609652685789 0.0 0.0 0.0 1.0]
Frame:41, T_inverse:[0.9955483992292792 0.07922314371500645 0.051059278352306225 -0.002731596882176779 0.005424630977764694 0.49267370102716723 -0.8701971853611292 -0.009131906075749124 -0.09409532557142189 0.8666004066107442 0.4900507610162368 -0.36675399492543376 0.0 0.0 0.0 1.0]
Frame:42, T_inverse:[0.9892607866466926 0.1245576572219767 0.07647572953444973 -0.004090227056266766 0.005242244762860338 0.4926548995407022 -0.8702088430376181 -0.00913124376928014 -0.146067330133981 0.8612643358808453 0.48671121590508815 -0.3665755981458604 0.0 0.0 0.0 1.0]
Frame:43, T_inverse:[0.9802595094650233 0.16956082590070812 0.10168770179663933 -0.005441936476529989 0.005060784758795528 0.4926277699263339 -0.8702252689848238 -0.009130344840888848 -0.1976503128720807 0.8535612048284609 0.48204494447043883 -0.36632568846319563 0.0 0.0 0.0 1.0]
Frame:44, T_inverse:[0.9685717376519936 0.21409477883159173 0.12661821277328017 -0.006776890138103 0.0048808948759056685 0.49259274418733634 -0.8702462216275036 -0.009129300799969459 -0.24868638621461533 0.8435139497456995 0.4760664624502726 -0.36600573997364705 0.0 0.0 0.0 1.0]
Frame:45, T_inverse:[0.9542380431954977 0.2580164414721825 0.1511861742654179 -0.008081961586703863 0.004702643065570696 0.49254877083348236 -0.8702721196598858 -0.009127808026912083 -0.29901108793962783 0.831157784297169 0.46879541393882806 -0.3656166621136653 0.0 0.0 0.0 1.0]
Frame:46, T_inverse:[0.9372772201496055 0.30126368699808587 0.17536120729789234 -0.009379690389681021 0.004529510857683467 0.4924981295459063 -0.8703015975599337 -0.009126442907505056 -0.34855536867438913 0.81650816684742 0.4602427166133146 -0.36515896354505717 0.0 0.0 0.0 1.0]
Frame:47, T_inverse:[0.9177527206548445 0.3436724091091156 0.19904585800029218 -0.01064561228613138 0.004357982254688302 0.4924380211523349 -0.8703365399286449 -0.00912437590363299 -0.3971284176583333 0.7996211739748682 0.4504385942455985 -0.3646345279181252 0.0 0.0 0.0 1.0]
Frame:48, T_inverse:[0.8957095750840818 0.3851455862894326 0.22218739536212398 -0.011885269035626759 0.004189164523523582 0.49237030129954257 -0.8703757170855471 -0.009122296188648809 -0.4446198309024124 0.7805346289626689 0.4394073703491338 -0.3640444972133633 0.0 0.0 0.0 1.0]
Frame:49, T_inverse:[0.8712085231303915 0.4255654761347765 0.24472389384221935 -0.013094002888530618 0.0040266214541804434 0.4922959827273122 -0.8704185688598461 -0.009120078135566801 -0.49089666637963675 0.7593015092473002 0.42717884124850275 -0.36339041580131914 0.0 0.0 0.0 1.0]
Frame:50, T_inverse:[0.844327758407715 0.464805737491291 0.26658249569417725 -0.01426068836075096 0.0038693911792563114 0.49221406667853995 -0.8704654042191816 -0.009117461706206333 -0.535813038754486 0.7359895675693188 0.4137915080868437 -0.36267437008576264 0.0 0.0 0.0 1.0]
Frame:51, T_inverse:[0.8151300357960088 0.5027772095094837 0.287711639590608 -0.015390277385548394 0.0037157903329780263 0.49212465782661385 -0.8705166771694791 -0.009114747972158763 -0.5792659643580345 0.7106533383728365 0.39927741307577586 -0.3618981800093463 0.0 0.0 0.0 1.0]
Frame:52, T_inverse:[0.7836959895275771 0.5393728151818211 0.3080544146308457 -0.016479128483997588 0.003568498245994219 0.4920285878621834 -0.8705717043374045 -0.00911175265599921 -0.6211343209541039 0.6833628099050998 0.3836760908074231 -0.36106389027139163 0.0 0.0 0.0 1.0]
Frame:53, T_inverse:[0.750107893879711 0.5744959770363453 0.3275553821625205 -0.017526033837362946 0.0034267605582276733 0.49192559119164336 -0.8706304968463224 -0.009108567506735877 -0.6613065694648019 0.6541892277160937 0.3670286014670509 -0.36017306957492307 0.0 0.0 0.0 1.0]
Frame:54, T_inverse:[0.7144732264792628 0.6080345695506342 0.3461531485028746 -0.01851967447492748 0.003291491900744182 0.4918163844245644 -0.8706926976080909 -0.009105245231455913 -0.6996550631613851 0.6232259520213514 0.3493883111646773 -0.3592292057516699 0.0 0.0 0.0 1.0]
Frame:55, T_inverse:[0.6768795297307735 0.6399075074900796 0.3638027001838229 -0.019462903019950167 0.0031633139354616184 0.4917009203172475 -0.8707583957933543 -0.009101577615392781 -0.7360869580910134 0.5905493470527144 0.33079808140449446 -0.35823462459097816 0.0 0.0 0.0 1.0]
Frame:56, T_inverse:[0.6374368731877195 0.6700221580472211 0.38045309553612194 -0.020350048581843107 0.003041872626496845 0.4915804310114194 -0.8708268134283838 -0.009098033912239454 -0.7704965584505702 0.5562544187685204 0.3113133748773898 -0.35719211092120806 0.0 0.0 0.0 1.0]
Frame:57, T_inverse:[0.5962393996369922 0.6983060578368244 0.39606473120853797 -0.02118499059810496 0.0029284221667480854 0.491454940708882 -0.8708980816372247 -0.009094299433456606 -0.8028013319688749 0.5204235743389312 0.29097987828256905 -0.3561043122632856 0.0 0.0 0.0 1.0]
Frame:58, T_inverse:[0.5533931015626941 0.7246849984039236 0.41059407650245455 -0.021967980724436693 0.002822288491588493 0.49132320855325523 -0.870972624659013 -0.00909020377903568 -0.8329152957873455 0.48314893138638376 0.26984965823233625 -0.3549738732544374 0.0 0.0 0.0 1.0]
Frame:59, T_inverse:[0.5090559443986052 0.7490619792029589 0.42399060179743164 -0.022679833620053748 0.002724605127105318 0.49118759687048014 -0.8710494578720402 -0.009086053070395114 -0.8607290111623277 0.4445680350370426 0.24800111426066343 -0.35380505194195194 0.0 0.0 0.0 1.0]
Frame:60, T_inverse:[0.4633048940676751 0.7713965658462802 0.4362289819835984 -0.023336976861269194 0.0026342089772270236 0.49104640948390565 -0.8711293209314098 -0.009081785401593418 -0.8861949358463436 0.4047475182816261 0.2254722305850036 -0.3525999954534969 0.0 0.0 0.0 1.0]
Frame:61, T_inverse:[0.4162871265246082 0.7916138634280198 0.4472722684843679 -0.023928766329770257 0.0025531829799225847 0.49090287371623365 -0.871210574884688 -0.009077507377812112 -0.9092296134631531 0.3638156796965405 0.20233543226079984 -0.3513624291387073 0.0 0.0 0.0 1.0]
Frame:62, T_inverse:[0.3681301056928908 0.8096609289809303 0.4570876654489737 -0.0244543882438192 0.0024808453489447943 0.49075450264221976 -0.8712942171513883 -0.009072927335290247 -0.9297708254916359 0.3218834916715156 0.17865293117264325 -0.3500957057212592 0.0 0.0 0.0 1.0]
Frame:63, T_inverse:[0.3189808972811087 0.8254831979614002 0.46564866188641535 -0.024906749463087595 0.002417339319869674 0.4906041432826609 -0.8713792333961069 -0.009068485575403396 -0.9477580431910833 0.2790789588284106 0.15449786642107963 -0.3488031899483444 0.0 0.0 0.0 1.0]
Frame:64, T_inverse:[0.2689313400578065 0.8390508326810294 0.47293723909181085 -0.02530057126504988 0.002363174433536013 0.4904507076467763 -0.8714657163580654 -0.009063832539470096 -0.9631564440201241 0.23548205744759265 0.1299147537256984 -0.3474878268447445 0.0 0.0 0.0 1.0]
Frame:65, T_inverse:[0.21815033247233329 0.8503166777527801 0.4789276145754805 -0.025623336436282167 0.0023183102985318347 0.49029445982078407 -0.8715536544967765 -0.009059063972981665 -0.9759122859677307 0.19123987214280289 0.1049866797970852 -0.34615387149786986 0.0 0.0 0.0 1.0]
Frame:66, T_inverse:[0.16677506936035696 0.8592506957254201 0.48360539652376877 -0.025874309012157086 0.0022826111331835704 0.49013681177031415 -0.8716424706248291 -0.009054377200278187 -0.9859922827448694 0.14647206210024186 0.07978129525588079 -0.34480535731026557 0.0 0.0 0.0 1.0]
Frame:67, T_inverse:[0.11494861186222931 0.8658286784974623 0.4869573862630594 -0.026052533558267817 0.0022565819157387627 0.48997790108839184 -0.8717319332621144 -0.00904962240984948 -0.9933688881914756 0.10130323946958827 0.054368465981662124 -0.34344577276097316 0.0 0.0 0.0 1.0]
Frame:68, T_inverse:[0.06280644714350424 0.8700340102209285 0.48897475192892587 -0.02615946028771808 0.0022400576621507797 0.489817834446036 -0.8718219590925504 -0.009044837246043946 -0.998023271099908 0.05585141021255115 0.028814771023069972 -0.34207868544265374 0.0 0.0 0.0 1.0]
Frame:69, T_inverse:[0.01047604691538608 0.8718550499075919 0.4896517303723588 -0.026200320511484642 0.002233723080500075 0.4896570658466628 -0.8719122077936498 -0.009039878690052664 -0.9999425402842343 0.0102278672960687 0.0031822300753931703 -0.340707397804941 0.0 0.0 0.0 1.0]
Frame:70, T_inverse:[-0.04185771514547227 0.8712860784610487 0.48898709511339783 -0.026160690494785598 0.00223633100173247 0.48949656144653525 -0.8720022979571943 -0.009035119260952011 -0.9991210271782538 -0.035406540620467136 -0.022437660202769362 -0.33933690144110346 0.0 0.0 0.0 1.0]
Frame:71, T_inverse:[-0.09408537348806915 0.8683294669052144 0.48698233258463575 -0.026052200022791464 0.002248693878707329 0.48933629248652827 -0.8720922494506559 -0.00903037143637775 -0.9955615853727312 -0.08095607308114444 -0.047991979157714235 -0.337969876100709 0.0 0.0 0.0 1.0]
Frame:72, T_inverse:[-0.14605991046454941 0.8629926508090039 0.48364223822358593 -0.02587404354301861 0.002270985096183465 0.48917656959785616 -0.8721817366854518 -0.009025534524131221 -0.9892729475643007 -0.12629262639959696 -0.07340882820220886 -0.3366103014141021 0.0 0.0 0.0 1.0]
Frame:73, T_inverse:[-0.1976294010567638 0.8552914122432789 0.4789772809158762 -0.025623192203771888 0.002302501012267586 0.4890179453208739 -0.8722707158218012 -0.009020820564569055 -0.9802741308935394 -0.17128346487086862 -0.09861363713520417 -0.33526169779120074 0.0 0.0 0.0 1.0]
Frame:74, T_inverse:[-0.24866722483189055 0.8452437032480941 0.472998553206768 -0.025305551311756956 0.002343732710576084 0.4888614145874359 -0.8723583031419818 -0.009016074168774984 -0.9685861371315078 -0.21581835166657767 -0.12354482565514485 -0.33392756342278557 0.0 0.0 0.0 1.0]
Frame:75, T_inverse:[-0.29903224951496127 0.8328769210470113 0.46572065572684035 -0.024921765316637846 0.0023943942679016043 0.48870585952941226 -0.8724453192562893 -0.009011468414667196 -0.9542399723843744 -0.2597741843719386 -0.14813304550346099 -0.332611840973327 0.0 0.0 0.0 1.0]
Frame:76, T_inverse:[-0.3485461659854793 0.8182351814954907 0.4571724978884152 -0.02445856905972816 0.0024539352069615026 0.48855405092575827 -0.8725301356896786 -0.009006923272252288 -0.9372883255742765 -0.30299519807012043 -0.17229151188602734 -0.3313191973158324 0.0 0.0 0.0 1.0]
Frame:77, T_inverse:[-0.3971184752948849 0.80134744787362 0.4473690180866848 -0.023933193389933924 0.0025226651708439452 0.4884049278623078 -0.8726134599650953 -0.009002436463294424 -0.9177637987763826 -0.3454023953752601 -0.19597610617757563 -0.33005206319544306 0.0 0.0 0.0 1.0]
Frame:78, T_inverse:[-0.444609547225227 0.7822608917492936 0.43633720867357856 -0.023344707394028896 0.0026005389067947425 0.48825858324662963 -0.8726951228272358 -0.008998008800849944 -0.8957206793541517 -0.38687388847914 -0.2191187144223911 -0.3288139666834456 0.0 0.0 0.0 1.0]
Frame:79, T_inverse:[-0.49087087231827736 0.7610349879308204 0.424112537943859 -0.022688208222520986 0.002686620582288826 0.488116110106805 -0.8727745472295747 -0.00899382978581252 -0.8712281279498858 -0.4272802401218706 -0.24164657142726145 -0.32760881765656835 0.0 0.0 0.0 1.0]
Frame:80, T_inverse:[-0.535800335248302 0.7377163841142161 0.4107217434937355 -0.021974671144091348 0.002781276395903597 0.48797795501254604 -0.872851512498948 -0.008989720024410822 -0.8443400492073625 -0.4665318670362088 -0.26351053163716537 -0.3264392081615379 0.0 0.0 0.0 1.0]
Frame:81, T_inverse:[-0.5792480866422174 0.7123825530380251 0.39621026812969495 -0.021195537932492573 0.002883503257987562 0.48784504324979416 -0.8729254520758325 -0.00898573153181035 -0.815146133877812 -0.5044979918663198 -0.2846374308101644 -0.32530915834634483 0.0 0.0 0.0 1.0]
Frame:82, T_inverse:[-0.6211158697815183 0.6850930274789947 0.38060801268317696 -0.020361581327464785 0.0029950381603302185 0.4877151177100314 -0.8729976793851145 -0.00898190496801439 -0.7837129186494046 -0.5410928418147483 -0.30497942881744783 -0.32422113029447386 0.0 0.0 0.0 1.0]
Frame:83, T_inverse:[-0.6612842555272971 0.6559226064048561 0.3639623924051094 -0.01947295587708052 0.00311339723387711 0.48759133820020484 -0.8730664275095442 -0.0089781776737311 -0.7501289622246385 -0.5762119218365424 -0.3244786447327401 -0.32317769936840046 0.0 0.0 0.0 1.0]
Frame:84, T_inverse:[-0.6996267726545838 0.6249643945958532 0.3463249011289083 -0.018525361025406688 0.003239098757390014 0.48747347285002735 -0.873131653886407 -0.008974578749029682 -0.7145004787507977 -0.6097448958829629 -0.34307359826463957 -0.3221825055057435 0.0 0.0 0.0 1.0]
Frame:85, T_inverse:[-0.73606205841918 0.5922857208865996 0.3277339478205198 -0.017531279686570426 0.0033717086144124378 0.48736132074737154 -0.8731937925896273 -0.008971205603449706 -0.6769051170758389 -0.6416200953946024 -0.3607249933761482 -0.3212379931709614 0.0 0.0 0.0 1.0]
Frame:86, T_inverse:[-0.7704830002251745 0.557980487236907 0.30824317488125014 -0.016490746590541106 0.0035104187803971978 0.48725514499434686 -0.8732526032853374 -0.008968138910409342 -0.63745094852084 -0.6717441546666517 -0.3773805803190753 -0.32034701468404425 0.0 0.0 0.0 1.0]
Frame:87, T_inverse:[-0.8027874834519387 0.5221497361996131 0.28790913923799466 -0.015403021771777064 0.0036556327345814285 0.48715527345013193 -0.8733077194887796 -0.00896521291980445 -0.5962538703079632 -0.7000280516368503 -0.3929908628881763 -0.319511780828677 0.0 0.0 0.0 1.0]
Frame:88, T_inverse:[-0.8328933776572295 0.48488565193055866 0.26678584942946526 -0.014273799892031336 0.0038059816928731685 0.48706267775826173 -0.8733587579947616 -0.008962559298690597 -0.5534204986200915 -0.7263992549274129 -0.40751678594089075 -0.3187347834270296 0.0 0.0 0.0 1.0]
Frame:89, T_inverse:[-0.8607105054690544 0.44630002304922617 0.24493400750035094 -0.013102343904587173 0.003962653317686127 0.4869765343119784 -0.8734059272904477 -0.00895999484408008 -0.5090782331280128 -0.7507794901112488 -0.4209140865117806 -0.3180180021720575 0.0 0.0 0.0 1.0]
Frame:90, T_inverse:[-0.8861749198511844 0.4064836813574739 0.22240691802924334 -0.011898309375887041 0.004124160586917779 0.48689756591873884 -0.87344931830243 -0.008957735864243909 -0.46333230203686426 -0.7731117313679292 -0.43315279286523417 -0.3173636388765062 0.0 0.0 0.0 1.0]
Frame:91, T_inverse:[-0.909202563598486 0.36556645147180356 0.19927836082069586 -0.010656233884475405 0.004289552092489726 0.4868263491885766 -0.8734882431534952 -0.008955668739075422 -0.41633194000706486 -0.7933229645496499 -0.444191876231738 -0.31677344879082203 0.0 0.0 0.0 1.0]
Frame:92, T_inverse:[-0.9297512114410683 0.3236214287086661 0.17558929907456558 -0.009395126395637847 0.004458801419579806 0.4867627354584508 -0.8735227852225288 -0.008953920338701503 -0.36816103714019754 -0.8113761047726582 -0.45401114443541635 -0.3162484014174716 0.0 0.0 0.0 1.0]
Frame:93, T_inverse:[-0.9477390502023526 0.28081730157478946 0.1514346231421971 -0.008097447170371112 0.004631719673223476 0.48670724891906614 -0.8735528513431844 -0.008952199671018677 -0.31901308163538594 -0.8271987232332071 -0.4625721406597041 -0.31579024672343997 0.0 0.0 0.0 1.0]
Frame:94, T_inverse:[-0.9631390850042073 0.2372172948262011 0.12684945048629903 -0.006787695440782109 0.004808279311267846 0.48665934871298244 -0.8735785527466543 -0.008950879573064237 -0.26896042252613456 -0.8407678693317441 -0.46986120498977046 -0.31540007423008587 0.0 0.0 0.0 1.0]
Frame:95, T_inverse:[-0.9758935249546167 0.19298384730105148 0.10192600501092013 -0.005452908871716587 0.004987389971500607 0.4866194729311925 -0.8735997941224646 -0.008949855881244912 -0.2181898294817333 -0.8520321160434194 -0.475851272034449 -0.31507955699114104 0.0 0.0 0.0 1.0]
Frame:96, T_inverse:[-0.9859737402739597 0.14822064804941412 0.0767232048830209 -0.004103427784369818 0.00516819163506598 0.4865877974786305 -0.8736163947346932 -0.008949067201055538 -0.16682055303832372 -0.8609663235965015 -0.48052882928986274 -0.3148293663314698 0.0 0.0 0.0 1.0]
Frame:97, T_inverse:[-0.9933502642105434 0.1030617654090698 0.05131610024898393 -0.0027388562156630296 0.005350583590475739 0.48656455871348936 -0.8736282442154754 -0.008948444680145598 -0.1150062649857051 -0.8675443130291786 -0.4838804445607476 -0.3146501509397679 0.0 0.0 0.0 1.0]
Frame:98, T_inverse:[-0.9980082934865744 0.057586626864777904 0.025749369962309032 -0.0013791858476916404 0.0055342472189017665 0.48655014861575985 -0.8736351173101102 -0.008947921723368548 -0.0628380616834674 -0.8717526661976711 -0.48589970841717256 -0.3145422417457779 0.0 0.0 0.0 1.0]
Frame:99, T_inverse:[-0.9999280855850096 0.011983205011715594 0.00012816345539056015 -5.109974951770985e-06 0.005718795770216281 0.48654377942688243 -0.8736374550088254 -0.008947774430248606 -0.010531334425136776 -0.8735739972985889 -0.48657722538018316 -0.31450631202445506 0.0 0.0 0.0 1.0]
Frame:100, T_inverse:[-0.9991084704516823 -0.03364765398124484 -0.025489586556675076 0.0013711620156714728 0.005902730206666476 0.4865459558255511 -0.8736349686825584 -0.008947845119293129 0.04179762159513779 -0.8730067671930155 -0.48591348186191513 -0.31454210583983777 0.0 0.0 0.0 1.0]
Frame:101, T_inverse:[-0.9955498690180441 -0.07920859184507718 -0.05105124294743977 0.00273531789384467 0.006087412620890539 0.48655665106436224 -0.8736277740725823 -0.008948162591133985 0.09403814784568532 -0.8700508708397503 -0.4839091499813153 -0.3146497018825339 0.0 0.0 0.0 1.0]
Frame:102, T_inverse:[-0.989262849541058 -0.12454549107131171 -0.07646755339874392 0.004094827239255541 0.006269851031896152 0.4865752964591133 -0.8736161603625104 -0.00894881257290459 0.1460121714039681 -0.8647155171298968 -0.48056996827741943 -0.3148287995167765 0.0 0.0 0.0 1.0]
Frame:103, T_inverse:[-0.9802635325153984 -0.16954405628995867 -0.10167764165535177 0.005441612057938125 0.006452292868953879 0.4866026581492032 -0.8735996049667917 -0.008949690054060619 0.1975902270201978 -0.8570138355387305 -0.47590493980408644 -0.31507829779436 0.0 0.0 0.0 1.0]
Frame:104, T_inverse:[-0.9685786451255628 -0.2140715989658621 -0.12660476312153007 0.006776132594032787 0.006632124870677247 0.48663833201537127 -0.8735783447254092 -0.008950733004983459 0.24861904743440993 -0.8469689846953963 -0.4699277362674021 -0.3153980014788751 0.0 0.0 0.0 1.0]
Frame:105, T_inverse:[-0.9542389843380077 -0.25801345982503227 -0.15118506497067805 0.008091539759279771 0.0068093181302492905 0.48668168480937746 -0.8735528369272612 -0.00895217174903486 0.2989673973487807 -0.8346076551542028 -0.4626537213406673 -0.315787120585298 0.0 0.0 0.0 1.0]
Frame:106, T_inverse:[-0.937280531739306 -0.3012564350834711 -0.17535559172618528 0.009381560351350897 0.006983440795331304 0.4867336239426572 -0.8735225022167089 -0.008953611076722554 0.3485057258818386 -0.8199603184309667 -0.4541021212575308 -0.31624476629628573 0.0 0.0 0.0 1.0]
Frame:107, T_inverse:[-0.917760418127879 -0.34365666248759064 -0.19903726684240952 0.010652396755027237 0.00715531383838773 0.48679333463974944 -0.8734878547524769 -0.008955530060978685 0.3970699489316621 -0.8030768014901921 -0.4443006619617208 -0.31676928938736054 0.0 0.0 0.0 1.0]
Frame:108, T_inverse:[-0.895719944375661 -0.38512621803221897 -0.22217860131184727 0.01188973617687727 0.007322591736556567 0.48686045525771005 -0.8734490256921322 -0.008957716030714111 0.44455809123622975 -0.7839927668737281 -0.43327044727037484 -0.3173595121954773 0.0 0.0 0.0 1.0]
Frame:109, T_inverse:[-0.8712259656695184 -0.4255380714621549 -0.24470938890383329 0.013095492051719747 0.007485114705442033 0.4869351249674991 -0.8734060894411204 -0.008959956269471136 0.490825127967877 -0.7627657365197753 -0.4210453191066893 -0.3180138936510644 0.0 0.0 0.0 1.0]
Frame:110, T_inverse:[-0.8443469665358132 -0.4647798553401158 -0.2665670586248453 0.014267023560324709 0.007642846577262217 0.48701676397337057 -0.8733592160181636 -0.00896260242393072 0.5357423461063824 -0.739455468183424 -0.4076588991310963 -0.3187302396872774 0.0 0.0 0.0 1.0]
Frame:111, T_inverse:[-0.8151430180627272 -0.5027612129661232 -0.287702778800631 0.015393394982273377 0.007796267413841043 0.4871061187406651 -0.8733079979258859 -0.008965358800025788 0.5792071998685221 -0.7141139299960192 -0.3931414470364192 -0.31950734646684037 0.0 0.0 0.0 1.0]
Frame:112, T_inverse:[-0.7837118043888307 -0.5393551128062779 -0.3080451778991541 0.016481556666622064 0.007944230236759041 0.48720281284574957 -0.8732526962008051 -0.008968280054569754 0.6210737509186897 -0.6868256434233198 -0.37754181037091744 -0.320342215031304 0.0 0.0 0.0 1.0]
Frame:113, T_inverse:[-0.7501311229058367 -0.5744725594420877 -0.32754311394248053 0.017524047282686743 0.008085370248855956 0.4873054805954722 -0.8731941029904238 -0.008971406081593301 0.6612396166336095 -0.6576584083139463 -0.3608981729173272 -0.3212324171191238 0.0 0.0 0.0 1.0]
Frame:114, T_inverse:[-0.7144957417303107 -0.6080136377424035 -0.3461423180049402 0.01851911460926843 0.008220373551785964 0.4874144376845759 -0.873131920415647 -0.00897475746535837 0.6995909466040949 -0.6266947482108302 -0.3432572382611344 -0.3221759466541921 0.0 0.0 0.0 1.0]
Frame:115, T_inverse:[-0.6768991901351382 -0.6398910372315397 -0.3637950066483315 0.019463212468064556 0.008348828517312308 0.48752976369177087 -0.87306643714058 -0.008978261430047551 0.7360282826318788 -0.5940152993936374 -0.3246661443866443 -0.3231706239180206 0.0 0.0 0.0 1.0]
Frame:116, T_inverse:[-0.6374509261515666 -0.6700114373057952 -0.3804474274732572 0.020355722724288185 0.008469249464668037 0.48765020440861556 -0.8729979025283525 -0.008981842420624832 0.7704439151762135 -0.5597157358788455 -0.3051783890222416 -0.32421312818807924 0.0 0.0 0.0 1.0]
Frame:117, T_inverse:[-0.5962490146585777 -0.6983000005572922 -0.3960605879181388 0.021189589630947237 0.00858317875835709 0.4877762119590832 -0.8729264769839 -0.008985761177266759 0.802753525799263 -0.5238811073790864 -0.28484236425280285 -0.32530113388514686 0.0 0.0 0.0 1.0]
Frame:118, T_inverse:[-0.5534139980476512 -0.7246725127578114 -0.4105881465114126 0.021965959468525042 0.00868957674997246 0.48790816193729136 -0.8728517048742168 -0.008989715537416577 0.8328609523803397 -0.4866162189058917 -0.26371809398821305 -0.32643140236747537 0.0 0.0 0.0 1.0]
Frame:119, T_inverse:[-0.509068619423193 -0.7490558660088417 -0.4239864041135586 0.02268506954790206 0.008787353973895752 0.488043026474785 -0.8727753477119861 -0.008993979804139476 0.8606811115440418 -0.44802825706294175 -0.24186518508746818 -0.32760069113731677 0.0 0.0 0.0 1.0]
Frame:120, T_inverse:[-0.4634048996876173 -0.7713503509980671 -0.43620463247821467 0.023370391115242268 0.008876703679677328 0.4881834589998677 -0.8726958494330691 -0.008998093370921825 0.8861021812507551 -0.40828362398986495 -0.21937954772016133 -0.32880382174511846 0.0 0.0 0.0 1.0]
Frame:121, T_inverse:[-0.4136472990531234 -0.7926709259442641 -0.4478489082276215 0.02296124552274038 0.008962504660220392 0.4883362201730042 -0.8726095325998813 -0.009003258917380057 0.9103930440082907 -0.3649664634014348 -0.19489463006249463 -0.33025066555906135 0.0 0.0 0.0 1.0]
