Frame:1, T_inverse:[-0.11963302306324614 -0.8807354958785006 -0.45824978892880447 0.015389417001159499 0.00014802093924082838 0.46154888209449746 -0.8871147175112907 -0.008615333389926408 0.9928180997409203 -0.10619608122097468 -0.05508609498703948 -0.37971134634831544 0.0 0.0 0.0 1.0]
Frame:2, T_inverse:[-0.1022772139325757 -0.8824556045293689 -0.45914195439531924 0.015389935060322086 0.0001480138564951306 0.46154897191879457 -0.8871146838627108 -0.008615321613412824 0.9947558607662288 -0.09079964370343813 -0.04707528664669311 -0.3799802507665838 0.0 0.0 0.0 1.0]
Frame:3, T_inverse:[-0.08490993086364658 -0.8839053272708018 -0.4598929838901977 0.015393273137920091 0.00014798040467619767 0.46154871630061806 -0.8871148372124418 -0.008615288716602647 0.9963885633519008 -0.07539295139801881 -0.03905924416792933 -0.38024891001886096 0.0 0.0 0.0 1.0]
Frame:4, T_inverse:[-0.06755896125683038 -0.8850832483455743 -0.4605035474783575 0.015408009489985301 0.00014816461471709667 0.4615491228244318 -0.8871146910962535 -0.008615370910859677 0.9977153122326274 -0.06000073133493599 -0.03105066591988904 -0.3805169072060808 0.0 0.0 0.0 1.0]
Frame:5, T_inverse:[-0.05006836084322204 -0.8859985991513122 -0.46097643291930757 0.015372525595929817 0.00014776094711260672 0.4615489326764749 -0.88711463165428 -0.008615218644687556 0.998745580518928 -0.044484662199745166 -0.022977976286285843 -0.38078644361542435 0.0 0.0 0.0 1.0]
Frame:6, T_inverse:[-0.032648703967637714 -0.8866396450720014 -0.46130701770246446 0.0153653494645339 0.0001477282874227456 0.46154883639219035 -0.8871147723967064 -0.008615192330089005 0.9994668592614485 -0.02903133489364108 -0.014937963250816973 -0.38105475022122376 0.0 0.0 0.0 1.0]
Frame:7, T_inverse:[-0.015217197416347267 -0.8870110005246284 -0.4614972002822065 0.015352759102388034 0.00014757373563751904 0.461548769090367 -0.8871147192530129 -0.008615142427656161 0.9998840931840649 -0.013567623561332372 -0.006892506900363667 -0.3813226036904949 0.0 0.0 0.0 1.0]
Frame:8, T_inverse:[0.0022246629556546154 -0.8871127231340086 -0.46154728102600967 0.015333267292185218 0.00014785759535818082 0.4615487679739083 -0.8871147638473992 -0.008615249267282249 0.99999747287205 0.0019052253001263612 0.0011579950487636873 -0.38159019044294973 0.0 0.0 0.0 1.0]
Frame:9, T_inverse:[0.019700172029671736 -0.8869438817950059 -0.46145682343969796 0.01529599428629548 0.0001479363504404817 0.46154897839949866 -0.8871147246260536 -0.008615302594708987 0.9998059163690449 0.01740804659385923 0.009223806241477542 -0.3818579308841432 0.0 0.0 0.0 1.0]
Frame:10, T_inverse:[0.03713438208196649 -0.8865055258858713 -0.46122540391039996 0.015267614724536723 0.00014770996395446962 0.4615486579763423 -0.8871148235470888 -0.008615200135695748 0.9993102262611947 0.03287429327962538 0.017270295843911865 -0.3821244299650892 0.0 0.0 0.0 1.0]
Frame:11, T_inverse:[0.05457457405823779 -0.8857963259941842 -0.4608538354149033 0.015227927267102922 0.00014782988363675866 0.4615489372060254 -0.8871146578797315 -0.008615242401096563 0.9985096108732641 0.04834568697324613 0.025319839399294435 -0.38239085534777806 0.0 0.0 0.0 1.0]
Frame:12, T_inverse:[0.07199915024275048 -0.8848173167932889 -0.4603415915152669 0.015183177598815349 0.00014801057562581905 0.4615489201097088 -0.8871147263296334 -0.008615316761352985 0.9974046714929742 0.06380333972832301 0.033362110696788634 -0.38265640559716046 0.0 0.0 0.0 1.0]
Frame:13, T_inverse:[0.08935533970916204 -0.8835722506660739 -0.4596907443170159 0.015151646948801898 0.00014786334847862413 0.46154880801595166 -0.8871148026187421 -0.008615251595669353 0.995999728900425 0.07920042228341992 0.041372527300283436 -0.3829205418966526 0.0 0.0 0.0 1.0]
Frame:14, T_inverse:[0.10676561666517455 -0.8820515386445736 -0.45889670854644166 0.015084311844318434 0.00014785535488871492 0.4615488252794893 -0.887114762634144 -0.008615267563129702 0.9942841995357025 0.09464548933408035 0.04940797105478002 -0.38318512620207823 0.0 0.0 0.0 1.0]
Frame:15, T_inverse:[0.12403618968185523 -0.880272593109135 -0.45796854420255867 0.015053705494065001 0.00014787841407585682 0.4615490730687571 -0.8871146443771276 -0.008615285677393591 0.9922776872451657 0.10996658494380204 0.05737896487424036 -0.3834470286009607 0.0 0.0 0.0 1.0]
Frame:16, T_inverse:[0.14135957948406233 -0.8782162658371154 -0.4568952921629697 0.014983466205594455 0.0001474550235710395 0.4615486979757735 -0.8871147431938391 -0.008615096775331944 0.9899580952696657 0.12533463669447895 0.06537391954242826 -0.3837092499832552 0.0 0.0 0.0 1.0]
Frame:17, T_inverse:[0.15866007839507273 -0.875888746799621 -0.45568166342230787 0.014900797701188207 0.00014792064077771868 0.46154883498282817 -0.8871147575632602 -0.008615289000318015 0.9873332125949 0.14068227998436772 0.07335894900307391 -0.383970861762931 0.0 0.0 0.0 1.0]
Frame:18, T_inverse:[0.17580144450584706 -0.8733104511434208 -0.45433757998717095 0.01485676893647609 0.00014791046220167367 0.46154900493198175 -0.8871147108294529 -0.008615292253988245 0.984425603380285 0.15588884355645913 0.08127015528475291 -0.384229475712724 0.0 0.0 0.0 1.0]
Frame:19, T_inverse:[0.192988626508026 -0.8704510264918698 -0.4528468908733359 0.014769461505481864 0.00014788620808817843 0.4615489246941668 -0.8871147394912832 -0.008615291617176186 0.9812009734810483 0.1711360576657258 0.08920243469940971 -0.38448849952069747 0.0 0.0 0.0 1.0]
Frame:20, T_inverse:[0.2100769505893981 -0.8673330466417435 -0.4512216316958673 0.014693313074972602 0.0001477499823469681 0.46154874789378914 -0.8871147898338788 -0.008615215091163229 0.9776847765333039 0.18629563588467463 0.09708894139955171 -0.3847454017749244 0.0 0.0 0.0 1.0]
Frame:21, T_inverse:[0.2271182239160973 -0.8639474470959939 -0.4494576619228824 0.014606013487291219 0.00014792215284148378 0.4615489982713287 -0.8871146987893618 -0.008615309024092913 0.9738671884115117 0.20141344660200822 0.1049539772079429 -0.3850013307971371 0.0 0.0 0.0 1.0]
Frame:22, T_inverse:[0.24409220566618628 -0.860298059929261 -0.4475558582965096 0.014513576201452338 0.00014789714505682652 0.46154882941182995 -0.8871147759752515 -0.008615288504867182 0.9697520214354932 0.21647160127959517 0.11278771431271008 -0.3852556538010881 0.0 0.0 0.0 1.0]
Frame:23, T_inverse:[0.2609657321195135 -0.856392335670931 -0.44552094306445233 0.01442691557141572 0.00014764489634072687 0.4615487377463952 -0.887114795149004 -0.008615199102764646 0.9653479822624532 0.23144073159201264 0.12057488881899177 -0.38550811851557215 0.0 0.0 0.0 1.0]
Frame:24, T_inverse:[0.2777643529841516 -0.8522250733753685 -0.4433500814259041 0.014334222899032866 0.00014774897113812387 0.46154886032699444 -0.8871147444251822 -0.008615239172052935 0.9606491485101412 0.2463432928535352 0.12832777228116615 -0.3857588958000853 0.0 0.0 0.0 1.0]
Frame:25, T_inverse:[0.2944660518728812 -0.8478019180412861 -0.44104607907994753 0.014242061002959917 0.0001479623779759467 0.46154890898308465 -0.8871147321368729 -0.008615314159978496 0.9556619064023716 0.26115990028721137 0.1360359402233417 -0.38600789071758373 0.0 0.0 0.0 1.0]
Frame:26, T_inverse:[0.3111169674259136 -0.8431098545287038 -0.4386022403131496 0.014129952858699907 0.000147702591585244 0.46154897344798035 -0.8871146676640691 -0.008615234780937894 0.9503715529731848 0.27593159492151065 0.14372028334055725 -0.38625555989748445 0.0 0.0 0.0 1.0]
Frame:27, T_inverse:[0.3276962089161951 -0.8381534605907643 -0.4360204533869744 0.01400406319229671 0.00014774012213020332 0.4615487766811491 -0.8871147748565312 -0.00861521348661538 0.9447830615641651 0.2906396633169285 0.1513716511069363 -0.38650183098942786 0.0 0.0 0.0 1.0]
Frame:28, T_inverse:[0.3440730693045664 -0.8329735635012908 -0.43332284328346393 0.01391605426033599 0.00014787869877175316 0.46154890231583773 -0.8871146915235899 -0.008615271367154982 0.9389428223971782 0.30516814758923316 0.15892976479982668 -0.3867446230164556 0.0 0.0 0.0 1.0]
Frame:29, T_inverse:[0.3604199519156361 -0.8275164805760801 -0.43048101365582736 0.013792874895728299 0.00014788285796641284 0.46154894273877634 -0.8871146990967254 -0.00861529010759575 0.9327901076176756 0.3196701772466828 0.1664738268235853 -0.3869864383508894 0.0 0.0 0.0 1.0]
Frame:30, T_inverse:[0.3766611747826646 -0.8218054873551712 -0.4275068310957635 0.013663715786686724 0.00014788086172024708 0.46154884928715456 -0.8871147501301259 -0.00861528424847879 0.9263510546392063 0.3340784239012419 0.17396906945617607 -0.3872262377525403 0.0 0.0 0.0 1.0]
Frame:31, T_inverse:[0.3927605876045754 -0.8158536374085061 -0.4244075564887161 0.01354165704655832 0.00014782409771856202 0.461548898397039 -0.8871146935732096 -0.008615261902706508 0.9196406553708735 0.3483608407482518 0.18139886826606416 -0.38746346914471164 0.0 0.0 0.0 1.0]
Frame:32, T_inverse:[0.4087874900532873 -0.8096350100771684 -0.42116966314605864 0.013395620294956249 0.00014784723672126848 0.46154902255041586 -0.8871146861787419 -0.008615302719523488 0.9126295601517883 0.3625791283479309 0.18879517100201515 -0.38769914811224704 0.0 0.0 0.0 1.0]
Frame:33, T_inverse:[0.42460029737377064 -0.8032057169804617 -0.41782199959649013 0.013283517716790195 0.00014794695009601294 0.4615490757383743 -0.8871147025733402 -0.008615339386393311 0.9053808971914995 0.3766073294627969 0.19609268935747812 -0.38793120861301494 0.0 0.0 0.0 1.0]
Frame:34, T_inverse:[0.4403924590999697 -0.7964863994880295 -0.41432323022852563 0.013120896096396707 0.00014778483981429914 0.4615489095356875 -0.887114687791811 -0.008615261280291225 0.8978052602245914 0.39061729897248015 0.20338041025949646 -0.38816251127141105 0.0 0.0 0.0 1.0]
Frame:35, T_inverse:[0.45594916842170663 -0.7895684482588351 -0.41072135226618517 0.012998086707810677 0.00014778156791527263 0.46154883712785333 -0.8871147564910722 -0.008615236116274662 0.8900057898223193 0.40441852435509495 0.21055950534533058 -0.3883899113432657 0.0 0.0 0.0 1.0]
Frame:36, T_inverse:[0.4714145966499058 -0.7823890176517444 -0.4069834047655566 0.01285071574496658 0.00014750765176467682 0.46154873143934716 -0.8871147388578715 -0.008615128745801493 0.8819115972031983 0.41813868832574297 0.21769626798853217 -0.38861540737316125 0.0 0.0 0.0 1.0]
Frame:37, T_inverse:[0.48675456237015924 -0.7749623636082165 -0.40311691356088414 0.012691150251965067 0.00014788486526390123 0.4615488487193717 -0.8871147349174291 -0.008615288451766947 0.873538735805577 0.4317474985028338 0.22477563546731252 -0.388838688672883 0.0 0.0 0.0 1.0]
Frame:38, T_inverse:[0.5019019520881675 -0.767321556643439 -0.3991391460374432 0.01254764985787439 0.0001478367504351912 0.46154892967092875 -0.887114721414868 -0.008615286610389562 0.8649244520322898 0.44518561551590274 0.23176576061972068 -0.38905848835493373 0.0 0.0 0.0 1.0]
Frame:39, T_inverse:[0.5169472260095879 -0.7594208230702505 -0.3950260514753417 0.01237738886217592 0.00014779544137153068 0.46154892680300036 -0.8871147229179861 -0.008615274084250158 0.8560172315094395 0.45853307778500524 0.23870868279629864 -0.38927647210692046 0.0 0.0 0.0 1.0]
Frame:40, T_inverse:[0.5318111975991142 -0.7513008922655923 -0.39079884532506953 0.012214172155042275 0.00014779002729581108 0.4615488514780138 -0.8871147335136201 -0.008615242067746833 0.8468628704079693 0.47171978564228223 0.2455679132671243 -0.38949131593869873 0.0 0.0 0.0 1.0]
Frame:41, T_inverse:[0.5464934266285714 -0.7429634345539329 -0.38645855625982806 0.012056286559585452 0.000147822751520157 0.4615488156556983 -0.8871147676520819 -0.008615265697738326 0.837463391198505 0.4847452391755566 0.25234322085822875 -0.3897029457979842 0.0 0.0 0.0 1.0]
Frame:42, T_inverse:[0.5610132011509172 -0.7343978548994164 -0.381999910734952 0.011893022955773375 0.0001480964593603406 0.46154924904030964 -0.8871145634209294 -0.008615466028702268 0.8278068378744958 0.497626419404012 0.25904399268536416 -0.389911754373787 0.0 0.0 0.0 1.0]
Frame:43, T_inverse:[0.5753681896005087 -0.7256055765057787 -0.3774228009374953 0.011723430986054082 0.00014782382382149894 0.4615488299664587 -0.8871147446989514 -0.008615266871406787 0.817894512198182 0.5103617884441751 0.2656677859995603 -0.390117623571685 0.0 0.0 0.0 1.0]
Frame:44, T_inverse:[0.5895728895431429 -0.7165762553923621 -0.3727227344098098 0.011538303181484235 0.00014786657807229573 0.4615489500916408 -0.8871146952775294 -0.008615316394750815 0.8077151379609474 0.522963672636166 0.2722226979559773 -0.3903208071932748 0.0 0.0 0.0 1.0]
Frame:45, T_inverse:[0.603558041219623 -0.7073547007924122 -0.3679226382373473 0.011368895960277672 0.00014791675203202695 0.46154901597784315 -0.8871146895740757 -0.008615339318141962 0.7973190755330001 0.5353707694926286 0.27867624619736076 -0.3905204281706769 0.0 0.0 0.0 1.0]
Frame:46, T_inverse:[0.6174017537744353 -0.6978891676502076 -0.36299518335804587 0.01117537125280906 0.0001477367284916473 0.46154862969379207 -0.8871147035128055 -0.008615204946487917 0.7866478093554761 0.5476524760807671 0.285064094627661 -0.39071727577777 0.0 0.0 0.0 1.0]
Frame:47, T_inverse:[0.6310266908973252 -0.688232184873189 -0.35796894319179884 0.01099361947120868 0.00014780929186506529 0.4615489311482872 -0.887114720653926 -0.008615295589908773 0.7757610890553689 0.5597401364279935 0.2913514197318965 -0.39091059396222 0.0 0.0 0.0 1.0]
Frame:48, T_inverse:[0.6444784293335771 -0.6783519634815877 -0.35282600567069833 0.010798933555360962 0.0001478019266609459 0.46154865433673903 -0.8871148850267498 -0.008615204298488237 0.7646224948279399 0.571674309246978 0.29755841679689765 -0.3911009427327314 0.0 0.0 0.0 1.0]
Frame:49, T_inverse:[0.6577532324640537 -0.6682494630179907 -0.34756769020523215 0.010590673448653757 0.000147859377487562 0.4615488150136707 -0.88711478347328 -0.008615262183528765 0.7532334544891588 0.5834511831971989 0.30368403708638025 -0.3912881651352517 0.0 0.0 0.0 1.0]
Frame:50, T_inverse:[0.670773351093728 -0.6579853729428193 -0.34222531513222904 0.010407294753996401 0.00014767642787677087 0.461548732516625 -0.8871147072273207 -0.008615204191427533 0.741662289899964 0.5950022718847784 0.3096918195788197 -0.3914711622354091 0.0 0.0 0.0 1.0]
Frame:51, T_inverse:[0.6836236911597532 -0.6474937265583351 -0.3367648174119137 0.010202877398371538 0.00014798046321609087 0.461549119121289 -0.8871146334722045 -0.008615398322754875 0.7298346571824368 0.6064027242319993 0.3156217284414639 -0.39165128642382246 0.0 0.0 0.0 1.0]
Frame:52, T_inverse:[0.6962363402521503 -0.6368297029921755 -0.3312141802680286 0.010011143887713219 0.00014775858681053908 0.4615486879168582 -0.8871148520575614 -0.008615193279372912 0.7178125825484635 0.6175926690841781 0.3214410703148517 -0.39182747240611704 0.0 0.0 0.0 1.0]
Frame:53, T_inverse:[0.7086750140670517 -0.6259389749675823 -0.32554589692354613 0.00979557390253825 0.00014770757633972436 0.4615486393222623 -0.8871148928637198 -0.008615167554114957 0.7055350868828694 0.6286280204146164 0.3271804393022051 -0.392000570101254 0.0 0.0 0.0 1.0]
Frame:54, T_inverse:[0.7208591746868184 -0.6148921300710751 -0.3197963779673371 0.009598531674191944 0.00014763576206667752 0.4615485511488465 -0.8871149256733626 -0.008615121328373833 0.6930815378170971 0.6394377070406554 0.3328022986688886 -0.3921695590275468 0.0 0.0 0.0 1.0]
Frame:55, T_inverse:[0.7328472685047553 -0.6036367907048804 -0.3139386866412488 0.009385535615710865 0.00014784656553710245 0.4615490024275072 -0.8871146966510541 -0.008615329361267346 0.6803931656998847 0.6500731774560595 0.3383341733660716 -0.3923351438837172 0.0 0.0 0.0 1.0]
Frame:56, T_inverse:[0.7446170242925669 -0.5921927756475699 -0.3079823790005291 0.009166852240317012 0.00014776161734775695 0.46154865767166037 -0.8871148677903202 -0.008615196156813755 0.6674919071837516 0.6605153032624077 0.3437645153973859 -0.3924971412927531 0.0 0.0 0.0 1.0]
Frame:57, T_inverse:[0.75615258112477 -0.5805753963970395 -0.3019362160265002 0.008949463857483672 0.00014780113138385196 0.46154878147830386 -0.8871148164530254 -0.008615233482574937 0.654395337243904 0.6707495094061957 0.3490871034396911 -0.3926552456644168 0.0 0.0 0.0 1.0]
Frame:58, T_inverse:[0.7674550490744364 -0.5687840830344584 -0.2957995184154168 0.00873096920873261 0.0001478106415035696 0.46154885519368755 -0.8871146409476343 -0.008615326389907325 0.6411027023210749 0.6807768474010839 0.35430209078926966 -0.39280949225454764 0.0 0.0 0.0 1.0]
Frame:59, T_inverse:[0.7785573245354805 -0.5567828891193293 -0.2895537212089585 0.008489081998659305 0.0001478647681513246 0.46154887539119843 -0.8871147961682434 -0.008615289747275694 0.6275734960067196 0.6906269114366175 0.35942456266966744 -0.39296028790252957 0.0 0.0 0.0 1.0]
Frame:60, T_inverse:[0.7893611305863768 -0.5446795205829451 -0.2832546862749357 0.008282968704480828 0.00014781321135813618 0.4615487384381394 -0.8871147792311425 -0.008615239257357195 0.6139291334638889 0.7002120486988834 0.364409162734577 -0.39310637570912016 0.0 0.0 0.0 1.0]
Frame:61, T_inverse:[0.7999489346712707 -0.5323838653672361 -0.2768557827341177 0.008059114026803368 0.00014777219866537498 0.4615487159813808 -0.8871148064405847 -0.008615214855932666 0.6000680386395938 0.7096056256039351 0.36929407188470376 -0.3932488793323284 0.0 0.0 0.0 1.0]
Frame:62, T_inverse:[0.8103139136418808 -0.5199009434009179 -0.27035939724466335 0.007818990599304914 0.0001477117465432403 0.46154870832483336 -0.8871147198089048 -0.008615198165966184 0.5859958962392275 0.7188014147929996 0.3740761801332706 -0.39338755692118166 0.0 0.0 0.0 1.0]
Frame:63, T_inverse:[0.8204181284204655 -0.5072762692505395 -0.263789272405299 0.007585621192156285 0.00014769495879662082 0.4615486283337663 -0.887114748342043 -0.008615166750698384 0.5717638772571815 0.7277660020718979 0.3787378097041523 -0.3935220488679061 0.0 0.0 0.0 1.0]
Frame:64, T_inverse:[0.8302616713011305 -0.4945112196670742 -0.2571463461134182 0.0073576910430457575 0.00014807899149097315 0.4615491686096765 -0.8871145766771144 -0.008615470400728253 0.5573737816821075 0.7364991444843431 0.3832798128030956 -0.39365243228810864 0.0 0.0 0.0 1.0]
Frame:65, T_inverse:[0.8398475254769976 -0.4816030810002746 -0.25042886318872276 0.007131287062333057 0.00014786593057658935 0.46154883722746204 -0.8871147564174092 -0.00861528573031234 0.5428223860692938 0.7450041265550411 0.3877018425216483 -0.3937786287005306 0.0 0.0 0.0 1.0]
Frame:66, T_inverse:[0.8491872667916459 -0.4685360318222325 -0.24362877107372916 0.006896299700498925 0.00014770631489234053 0.46154864530157697 -0.8871148301455956 -0.008615181118816127 0.5280917993755692 0.7532906300990705 0.39201041264459097 -0.39390059504407127 0.0 0.0 0.0 1.0]
Frame:67, T_inverse:[0.8583009043762084 -0.4552785268521272 -0.23672982769321135 0.006634239888888501 0.0001479149011946292 0.461549202000802 -0.8871146189681992 -0.00861541593040728 0.5131466680960312 0.7613762545598821 0.3962154413750961 -0.3940189157826251 0.0 0.0 0.0 1.0]
Frame:68, T_inverse:[0.867109839446892 -0.4419461077472963 -0.22979156135540502 0.006403290807153552 0.00014776796546291018 0.46154867258756593 -0.8871148600320953 -0.008615212556079183 0.4981169547298951 0.7691920520273603 0.4002786942804872 -0.3941324840001836 0.0 0.0 0.0 1.0]
Frame:69, T_inverse:[0.8756856155240066 -0.4284311992812347 -0.2227586179763646 0.006146014677198735 0.0001478046140371974 0.46154879907354485 -0.8871147917929689 -0.008615255429658786 0.4828816198042777 0.7768007643330086 0.4042349770299455 -0.394242134256757 0.0 0.0 0.0 1.0]
Frame:70, T_inverse:[0.8839722021799779 -0.41482145550845817 -0.21567645499823104 0.005904930497504788 0.00014770788164842095 0.4615488386047394 -0.8871147247357675 -0.00861525889993179 0.4675394468457297 0.7841528627666448 0.4080576213854949 -0.39434713435013485 0.0 0.0 0.0 1.0]
Frame:71, T_inverse:[0.8920032486544904 -0.4010624765797078 -0.2085164403085921 0.005650493494152531 0.00014777226253514833 0.4615487017514394 -0.8871148138401699 -0.008615182821924033 0.4520289549711397 0.7912784691805397 0.41176222581608035 -0.39444805042164693 0.0 0.0 0.0 1.0]
Frame:72, T_inverse:[0.899754533531101 -0.3871950623594254 -0.20130012115025406 0.005401294610075936 0.0001477710096879582 0.4615486598252111 -0.8871147164358575 -0.008615203658587063 0.4363963203891177 0.7981557500771765 0.41533770738840686 -0.39454444290182167 0.0 0.0 0.0 1.0]
Frame:73, T_inverse:[0.9072433821343672 -0.37318765948766586 -0.1940112483315431 0.005139701191600264 0.00014777401969085895 0.4615488468243779 -0.8871147204380966 -0.008615279714120017 0.42060594733628154 0.8048003171799138 0.4187923096475459 -0.39463670349769814 0.0 0.0 0.0 1.0]
Frame:74, T_inverse:[0.9144510475689572 -0.3590746195583468 -0.18666729544666544 0.004880343707748235 0.0001477233357717647 0.461548718324805 -0.8871148052362885 -0.008615225404572612 0.40469647809507325 0.811195503568503 0.4221167583714891 -0.39472440568948863 0.0 0.0 0.0 1.0]
Frame:75, T_inverse:[0.9213476688378239 -0.34491952063903014 -0.17930152272444924 0.004652147514938329 0.00014784543692262955 0.46154895381135935 -0.8871146778428136 -0.00861531895208653 0.38873963938005485 0.8173145296979857 0.4252980378689293 -0.39480724071551054 0.0 0.0 0.0 1.0]
Frame:76, T_inverse:[0.9280010442968032 -0.3305823380721232 -0.1718410565046273 0.0043852394549889736 0.00014774795986872627 0.46154882269811204 -0.8871146578849761 -0.008615264468280103 0.37257754212287203 0.8232179128312198 0.42836662858671515 -0.394885959383037 0.0 0.0 0.0 1.0]
Frame:77, T_inverse:[0.9343728039483874 -0.31613994506052756 -0.16432577646272586 0.004114960456863285 0.00014773805416570124 0.46154849766738903 -0.8871149093637294 -0.008615139748153847 0.35629678089525185 0.828871805877346 0.43130509220895474 -0.39496042354335303 0.0 0.0 0.0 1.0]
Frame:78, T_inverse:[0.9404525521877815 -0.30161657061584896 -0.15676870795737707 0.0038508745741490263 0.0001477464405088401 0.4615488696339628 -0.8871147992025319 -0.008615279450317771 0.33992491412762077 0.834266232393955 0.4341093664552209 -0.39503016705354826 0.0 0.0 0.0 1.0]
Frame:79, T_inverse:[0.9462324369242345 -0.28703503865975744 -0.14918127916135615 0.0036015195168576934 0.0001476845662081596 0.4615488085412006 -0.8871147713991798 -0.008615266601596346 0.32348747787277415 0.8393947191978101 0.4367748409278894 -0.3950951401138193 0.0 0.0 0.0 1.0]
Frame:80, T_inverse:[0.9517393673310537 -0.2723270256988248 -0.14152791214674668 0.003332735055094401 0.00014778559516242636 0.4615487999831165 -0.8871146851940659 -0.008615253376709412 0.306907382404692 0.8442810315518222 0.4393144143275455 -0.3951557877404901 0.0 0.0 0.0 1.0]
Frame:81, T_inverse:[0.9569371222094766 -0.2575904865175888 -0.1338598720464691 0.0030881547543676526 0.00014773087109987447 0.46154856273587175 -0.8871147228647418 -0.008615183366736005 0.29029518298702495 0.8488932695130796 0.44171103107908055 -0.3952117128324291 0.0 0.0 0.0 1.0]
Frame:82, T_inverse:[0.9618756085948968 -0.24268023097970912 -0.1261015956582729 0.0027986715617356315 0.00014783424231114194 0.4615488894281989 -0.8871147578611034 -0.008615307909057054 0.2734872566384837 0.8532754048475774 0.443988499601648 -0.39526335343564867 0.0 0.0 0.0 1.0]
Frame:83, T_inverse:[0.9664930489193589 -0.2277819219972511 -0.118349519893198 0.002548152832001315 0.00014774974010451662 0.4615486970755351 -0.8871147256625302 -0.008615248482792878 0.256692804781249 0.8573726893717515 0.44611725102229605 -0.39530996636123433 0.0 0.0 0.0 1.0]
Frame:84, T_inverse:[0.9708258289182689 -0.21278365427631504 -0.11054549193906905 0.002282493156502739 0.0001477526038718847 0.46154859761171657 -0.8871148859582801 -0.0086151917805078 0.2397856651593885 0.8612177593890831 0.4481147342521132 -0.3953522585796971 0.0 0.0 0.0 1.0]
Frame:85, T_inverse:[0.9748558781297715 -0.19774778841852667 -0.10272197398791032 0.002028698391852308 0.00014777549864904502 0.46154880996358416 -0.8871147706296284 -0.0086152638662888 0.22283619706596314 0.8647938500728832 0.44997278492526793 -0.39538971523542293 0.0 0.0 0.0 1.0]
Frame:86, T_inverse:[0.9785993302554609 -0.18261270338053115 -0.09484677682677554 0.001756520096484549 0.00014784830204743612 0.46154871775905293 -0.8871148806038248 -0.008615214747039142 0.20577484939033758 0.8681159680371502 0.4516982716026009 -0.3954226286449585 0.0 0.0 0.0 1.0]
Frame:87, T_inverse:[0.9820490686561479 -0.16739941547675247 -0.08693114272682775 0.0014736443092024808 0.00014773487975217818 0.4615487264080614 -0.8871148761409879 -0.008615204466476473 0.1886254638158293 0.8711774782060583 0.4532882350260102 -0.3954509040346312 0.0 0.0 0.0 1.0]
Frame:88, T_inverse:[0.9851814923660834 -0.1522208418887402 -0.07903343606712092 0.0012291695586987368 0.0001477742245368637 0.46154870933794834 -0.8871148098955673 -0.008615227830033828 0.1715151451509081 0.8739574045673877 0.4547317379491707 -0.39547440636207676 0.0 0.0 0.0 1.0]
Frame:89, T_inverse:[0.9880254472906427 -0.1369410359696308 -0.07108324102534248 0.0009598086207218982 0.00014773529351800327 0.46154878867127397 -0.8871147972278389 -0.00861527200625368 0.15429081573016085 0.8764815120700749 0.45604219410314806 -0.39549334212837395 0.0 0.0 0.0 1.0]
Frame:90, T_inverse:[0.9905670055685896 -0.12162824862872525 -0.06311586830422923 0.0006939651851108119 0.00014774427037154647 0.4615488134996222 -0.8871147688024051 -0.008615257606141876 0.13702927286265854 0.878737280617075 0.4572129824673054 -0.3955075404533054 0.0 0.0 0.0 1.0]
Frame:91, T_inverse:[0.9928158479390569 -0.10621325427517887 -0.05509527670378716 0.0003987530157941866 0.00014773432056188214 0.4615482716238949 -0.8871149101787172 -0.008615058370506332 0.11965251281380425 0.8807335745587349 0.4582481251614604 -0.39551709722154593 0.0 0.0 0.0 1.0]
Frame:92, T_inverse:[0.9947545037434005 -0.09081151150114457 -0.04708181672381711 0.00012399815632067 0.00014772521063128693 0.46154867569624336 -0.8871148739345056 -0.008615182097853806 0.1022907945484669 0.8824545999397155 0.45914103551758295 -0.395521924482057 0.0 0.0 0.0 1.0]
Frame:93, T_inverse:[0.9963832217643406 -0.07544916418735548 -0.03908875314333413 -0.00012091858391341602 0.00014779532503735962 0.4615488336472443 -0.8871147427974935 -0.008615289740840455 0.08497343492011362 0.8839004651697576 0.4598906531008376 -0.39552203582268436 0.0 0.0 0.0 1.0]
Frame:94, T_inverse:[0.9977148188639731 -0.060006582813161874 -0.0310540152522546 -0.0003913294081218572 0.00014782188337854175 0.461548771384934 -0.8871148216991714 -0.008615249164484707 0.06756566703915302 0.8850830064919151 0.4605029193467168 -0.3955175219000293 0.0 0.0 0.0 1.0]
Frame:95, T_inverse:[0.9987404637422097 -0.044578257329378604 -0.023026821212108813 -0.0006473060668640834 0.00014777115385427615 0.4615484447149762 -0.8871149834236717 -0.00861512884149276 0.050174034640969874 0.8859942441844525 0.46097369742416416 -0.39550823525895373 0.0 0.0 0.0 1.0]
Frame:96, T_inverse:[0.9994653624385064 -0.029072688015076557 -0.014959412613852535 -0.0009314064236435233 0.00014781747459191897 0.46154869769803986 -0.8871147098172806 -0.008615230663837788 0.03269531131621757 0.886638182596494 0.4613062344938048 -0.3954942311679293 0.0 0.0 0.0 1.0]
Frame:97, T_inverse:[0.9998847266083867 -0.013535213505604722 -0.006875599828881499 -0.0012258063154087018 0.00014773361935618522 0.4615489291640196 -0.8871146907050904 -0.008615308391337902 0.015180712628331594 0.8870114240888657 0.4614977467482732 -0.3954755864153326 0.0 0.0 0.0 1.0]
Frame:98, T_inverse:[0.9999975238650884 0.001895094827715295 0.0011526207253254172 -0.0014700083976961504 0.00014782815520902865 0.46154891976250195 -0.8871147110708227 -0.008615310357346468 -0.0022131575227981167 0.8871127138701024 0.4615475191908234 -0.3954523639468066 0.0 0.0 0.0 1.0]
Frame:99, T_inverse:[0.9998060232088378 0.01740301369988213 0.009221051275857648 -0.0017486065752645604 0.00014782099394195644 0.46154876364824526 -0.8871148412309084 -0.008615215925419984 -0.019694436796123253 0.8869441363341651 0.4614566590169141 -0.39542431952582896 0.0 0.0 0.0 1.0]
Frame:100, T_inverse:[0.9993094294240515 0.03289446709062259 0.01728083265725094 -0.0020219309361863397 0.00014779271182011893 0.4615485606322235 -0.8871149361951188 -0.00861512906805488 -0.037157116979976104 0.8865049185297323 0.46122496331558016 -0.3953916880617472 0.0 0.0 0.0 1.0]
Frame:101, T_inverse:[0.998509540021668 0.04834827383126366 0.025321070148884944 -0.0022823413560585275 0.00014782406670874615 0.4615488941031756 -0.8871147399282279 -0.008615299863819682 -0.05457737912039268 0.8857962504563138 0.4608538329966515 -0.3953543882945601 0.0 0.0 0.0 1.0]
Frame:102, T_inverse:[0.9974059510305195 0.06378790776248339 0.03335380532468385 -0.0025420438997571064 0.00014782864461124925 0.4615485589639997 -0.8871149215462826 -0.008615147140398606 -0.07198160531592539 0.884818608279464 0.46034183450932037 -0.3953124681070366 0.0 0.0 0.0 1.0]
Frame:103, T_inverse:[0.9959990654275802 0.07920791929555737 0.04137624948396516 -0.002801227972161041 0.00014778722121963958 0.46154850032119377 -0.8871148924665588 -0.008615127069356824 -0.089363676495187 0.8835717182317736 0.45969017904390436 -0.3952659641457113 0.0 0.0 0.0 1.0]
Frame:104, T_inverse:[0.994288164247407 0.09461265947558825 0.04939077747681429 -0.003063426964315767 0.0001477959912671253 0.4615486176487448 -0.8871149351228376 -0.008615154591406044 -0.10672854987929678 0.8820551816362987 0.4588983513088617 -0.39521492176965295 0.0 0.0 0.0 1.0]
Frame:105, T_inverse:[0.9922724245908261 0.11000415957555688 0.05739833509887682 -0.003331653510974598 0.00014777836833968478 0.46154873601055196 -0.8871148711301994 -0.00861521535538522 -0.12407844690859927 0.8802680851155269 0.45796582114147905 -0.39515910377438407 0.0 0.0 0.0 1.0]
Frame:106, T_inverse:[0.9899595074662568 0.12532727338860336 0.06537029679098544 -0.003583443130387738 0.00014779340180483868 0.46154884248901534 -0.8871147226953295 -0.008615317698771548 -0.14135126524248878 0.8782173037570109 0.4568961386707874 -0.39509878851970015 0.0 0.0 0.0 1.0]
Frame:107, T_inverse:[0.9873374153309689 0.1406594441455984 0.07334680953060936 -0.0038551241895481035 0.00014774335751813083 0.46154867532772775 -0.8871148431111627 -0.008615223687234634 -0.15863419619986724 0.8758924796864617 0.45568349937423513 -0.39503371766906736 0.0 0.0 0.0 1.0]
Frame:108, T_inverse:[0.9844216176546327 0.15590875095325005 0.08128031030389497 -0.004108004108406164 0.00014778330103976 0.46154873608724156 -0.887114855583138 -0.008615228710964035 -0.17582378584605762 0.8733070713238413 0.45433554864572157 -0.39496444011989806 0.0 0.0 0.0 1.0]
Frame:109, T_inverse:[0.9812067200623684 0.17111015704405025 0.08918872948178294 -0.004359134662055342 0.00014784935341337913 0.4615483973478825 -0.887114842323435 -0.008615115973678889 -0.19295929045405777 0.8704562636762071 0.4528491118078632 -0.39489049071254434 0.0 0.0 0.0 1.0]
Frame:110, T_inverse:[0.97768342891869 0.18630153842313177 0.09709194788640146 -0.0046279558177074135 0.00014774325052073806 0.4615489810177413 -0.8871145421048078 -0.008615387508413563 -0.21008352607346228 0.8673315274705802 0.45122125152394676 -0.3948119287276242 0.0 0.0 0.0 1.0]
Frame:111, T_inverse:[0.9738591286276034 0.2014440520468163 0.10496962990770513 -0.004899488211539107 0.00014783664885819464 0.461548466425073 -0.8871148504878057 -0.008615126070993746 -0.2271526044616486 0.86394042673195 0.44945341636775493 -0.3947287671633411 0.0 0.0 0.0 1.0]
Frame:112, T_inverse:[0.9697683037118711 0.21641430647809867 0.11275771167442512 -0.005118591429108998 0.00014783314549672826 0.4615485016032299 -0.8871149072910167 -0.008615135943634701 -0.24402752367853833 0.8603126097774513 0.44756311588457676 -0.39464193545824106 0.0 0.0 0.0 1.0]
Frame:113, T_inverse:[0.965357323081345 0.23141024924260065 0.12055908071113582 -0.005377876013504529 0.0001477592405424021 0.4615487397356288 -0.8871148381888936 -0.008615250985189872 -0.26093136099512204 0.8564005892929367 0.4455252925461125 -0.3945499793987225 0.0 0.0 0.0 1.0]
Frame:114, T_inverse:[0.9606432657537642 0.2463616751834044 0.12833732252004335 -0.005647634344360647 0.00014773716397217766 0.4615490883924646 -0.8871146650500864 -0.00861540896312611 -0.277785040682193 0.8522196252286985 0.4433476231551514 -0.39445352810287526 0.0 0.0 0.0 1.0]
Frame:115, T_inverse:[0.9556477172500891 0.26120096244063234 0.13605694927404136 -0.005898469249052641 0.00014792313849603175 0.46154832136268903 -0.8871148532462547 -0.008615090251354094 -0.2945121622812286 0.8477894077378497 0.44103897619572346 -0.3943529040080319 0.0 0.0 0.0 1.0]
Frame:116, T_inverse:[0.9503745248477229 0.2759237409948445 0.1437161234924199 -0.0061302728061010045 0.0001478265711289577 0.4615486807024961 -0.8871148557938686 -0.008615212777907184 -0.3111080601609992 0.843112600933338 0.4386033161081069 -0.3942482433306317 0.0 0.0 0.0 1.0]
Frame:117, T_inverse:[0.9447946007433096 0.29061041760820505 0.15135637030522492 -0.006382771430203789 0.00014770848574299889 0.46154884538336377 -0.8871148118281126 -0.008615275982823835 -0.32766316464514167 0.8381636197874504 0.4360259279535375 -0.3941389574052871 0.0 0.0 0.0 1.0]
Frame:118, T_inverse:[0.9389458689680679 0.305161105317907 0.15892574538928736 -0.006610860718234614 0.0001477541596193222 0.4615486226109224 -0.8871148574484548 -0.008615191396400605 -0.344064921351303 0.8329763256398326 0.43332406045027566 -0.3940257118346692 0.0 0.0 0.0 1.0]
Frame:119, T_inverse:[0.9327814614641449 0.3196902156726325 0.1664839620423938 -0.006870727042276232 0.00014770075740384704 0.46154875114741784 -0.887114832271008 -0.008615251934081435 -0.3604424081799304 0.8275088386457673 0.43047692067124826 -0.3939077171201134 0.0 0.0 0.0 1.0]
Frame:120, T_inverse:[0.9263688138305165 0.33403980089876584 0.1739488450556762 -0.007089403056823827 0.00014778941701565403 0.46154893135967173 -0.8871146144430248 -0.008615341455336408 -0.3766175262084871 0.8218210295173963 0.42751517158014946 -0.3937861618550791 0.0 0.0 0.0 1.0]
Frame:121, T_inverse:[0.9196351709917687 0.34837258411239036 0.18140473396241025 -0.007346480055068891 0.00014772404747486379 0.4615488716583763 -0.8871147671471824 -0.008615338167764658 -0.39277363385349057 0.8158487074280014 0.42440512694517657 -0.39365973541005567 0.0 0.0 0.0 1.0]
Frame:122, T_inverse:[0.9126491354456132 0.36254039327264376 0.18877495663804106 -0.00757310736663532 0.00014783804179350113 0.46154892782420315 -0.8871147068754993 -0.008615299583037743 -0.4087438256286571 0.8096523749702219 0.42117863464709493 -0.39352963847320677 0.0 0.0 0.0 1.0]
Frame:123, T_inverse:[0.9053750695810006 0.37661846461922344 0.19609804339868417 -0.007807501167636844 0.00014790261153861025 0.4615484585511201 -0.8871148700750806 -0.008615130361598455 -0.4246126240088879 0.803200683728417 0.41781878508316866 -0.393395349054741 0.0 0.0 0.0 1.0]
Frame:124, T_inverse:[0.8978203433707929 0.39059029996737715 0.20336628193307998 -0.00804357826263625 0.00014779739484832883 0.46154894190280293 -0.88711468406014 -0.00861534804882125 -0.44036187643166474 0.7964996808001124 0.41433032055299623 -0.39325689640259026 0.0 0.0 0.0 1.0]
Frame:125, T_inverse:[0.8900035363448803 0.4044224937420454 0.21056159014195505 -0.00826731330452882 0.0001478081347331348 0.46154887155583413 -0.8871147671714562 -0.008615303495964078 -0.45595363431685293 0.7895663717412589 0.4107203627309457 -0.393114678970709 0.0 0.0 0.0 1.0]
Frame:126, T_inverse:[0.8819076422211558 0.4181454947547171 0.21769988959741968 -0.008495387105109158 0.00014773984153154665 0.46154874669497475 -0.8871147904755282 -0.008615281203909086 -0.4714222011878282 0.7823855027930136 0.40698156664464047 -0.39296838879006185 0.0 0.0 0.0 1.0]
Frame:127, T_inverse:[0.873543888103866 0.43173942940635013 0.2247712132824397 -0.008719918739330748 0.00014766915529362942 0.4615489329120511 -0.8871147042853762 -0.008615350137427197 -0.48674532558801137 0.7749668179702931 0.40311949575749473 -0.3928181366833229 0.0 0.0 0.0 1.0]
Frame:128, T_inverse:[0.864922196219973 0.4451891530432765 0.23176744375887312 -0.008935433006564616 0.00014784080926984742 0.4615488155502802 -0.8871146771042467 -0.008615290223828072 -0.5019058519310035 0.7673193809298094 0.39913799834138997 -0.392664085359112 0.0 0.0 0.0 1.0]
Frame:129, T_inverse:[0.8560092259650427 0.4585449692324763 0.2387147804532092 -0.009169500657820306 0.000147790038363779 0.46154887911203957 -0.8871147787526019 -0.00861533138270258 -0.5169605537438715 0.759413657214136 0.39502230445115105 -0.39250591322451256 0.0 0.0 0.0 1.0]
Frame:130, T_inverse:[0.8468699721269664 0.47170988288276766 0.2455626422471393 -0.00937464674678179 0.00014769034790883398 0.46154889565669693 -0.8871147701733528 -0.008615319036193258 -0.5317999537523671 0.7513071522329393 0.3908022161058548 -0.39234442456061847 0.0 0.0 0.0 1.0]
Frame:131, T_inverse:[0.8374698555423958 0.48473641523258143 0.25233852082212266 -0.0095793815635913 0.00014795839902954577 0.461548640852544 -0.8871147262808516 -0.00861521276751564 -0.5464833671463538 0.7429691702486793 0.3864613961614681 -0.3921791868950804 0.0 0.0 0.0 1.0]
Frame:132, T_inverse:[0.8277710161620095 0.4976736410365108 0.2590677439781989 -0.009812063917479689 0.00014779974911463176 0.46154855329209993 -0.8871149245130325 -0.00861519105366554 -0.5610660396752037 0.7343662648556226 0.3819829632265077 -0.39200961469691575 0.0 0.0 0.0 1.0]
Frame:133, T_inverse:[0.8178751460170219 0.510386294348342 0.26568041097999023 -0.010003464839298386 0.0001477343485496324 0.4615488363624651 -0.8871148320209649 -0.008615293041082802 -0.575395716547232 0.7255884097521832 0.3774139155061995 -0.3918373323223195 0.0 0.0 0.0 1.0]
Frame:134, T_inverse:[0.8076945914835958 0.5229887768144575 0.27223548204413583 -0.010215671747764669 0.00014777032219799745 0.4615486791506478 -0.8871148566143312 -0.00861521446466707 -0.5896010749644713 0.7165581459967986 0.37271309867157343 -0.39166087098147917 0.0 0.0 0.0 1.0]
Frame:135, T_inverse:[0.7973091150163842 0.5353825605429197 0.27868214135044533 -0.010397945672983671 0.00014778017586089906 0.46154887504600106 -0.8871147808682214 -0.008615296958212759 -0.6035711758793594 0.7073458997743383 0.3679180113081422 -0.39148151096292394 0.0 0.0 0.0 1.0]
Frame:136, T_inverse:[0.7866612907885068 0.5476375762961898 0.28505624210817077 -0.010589973761050888 0.00014784319055566946 0.4615485890019111 -0.8871148904083327 -0.008615193897586934 -0.6173847633565788 0.6979011176956826 0.3630014493565192 -0.3912984636703956 0.0 0.0 0.0 1.0]
Frame:137, T_inverse:[0.775750713331916 0.5597516041523795 0.29135716372316867 -0.010793561396034575 0.000147821448146392 0.46154870208202675 -0.8871148291699464 -0.008615232137555502 -0.6310394542724949 0.6882230118610283 0.3579639991927683 -0.3911114807156697 0.0 0.0 0.0 1.0]
Frame:138, T_inverse:[0.764636069575399 0.5716598632997009 0.29755111157655917 -0.010973667416707623 0.00014769908705080862 0.46154897337002343 -0.8871147273216949 -0.008615374671607385 -0.6444622821762908 0.6783638818151931 0.3528325839412248 -0.3909218947826123 0.0 0.0 0.0 1.0]
Frame:139, T_inverse:[0.7532696844250172 0.5834145149450216 0.30366481385834004 -0.01116185705668049 0.00014786228510012327 0.4615486411862029 -0.8871149073433068 -0.00861519890096207 -0.6577117916225832 0.6682817006310313 0.3475843234383975 -0.39072852912440487 0.0 0.0 0.0 1.0]
Frame:140, T_inverse:[0.7416680416623017 0.5949968984676758 0.30968886962986364 -0.011350138223440099 0.00014774611689596101 0.4615486155582795 -0.8871149207161028 -0.008615209310049218 -0.670767114497495 0.6579905530337531 0.3422279523722916 -0.39053187305512005 0.0 0.0 0.0 1.0]
Frame:141, T_inverse:[0.7298788789117233 0.6063610696070968 0.31559950127209474 -0.011512815252191822 0.00014768806782781215 0.46154875717225813 -0.8871148446421628 -0.008615304350729634 -0.6835764648108036 0.6475330069708385 0.3367851306200782 -0.3903327581387111 0.0 0.0 0.0 1.0]
Frame:142, T_inverse:[0.7178180935565317 0.6175875585927757 0.3214385856287398 -0.011700373446086754 0.00014771942504574278 0.4615488782599453 -0.8871147637056123 -0.008615342664943765 -0.6962306654109576 0.6368345726651601 0.3312169237650335 -0.39012971331469604 0.0 0.0 0.0 1.0]
