Frame:1, T_inverse:[-0.8983413622159783 -0.4389739332721201 0.016870687550114744 0.030432330658549552 0.13731482296320932 -0.24411503721808686 0.9599752601871031 -0.026636740358512993 -0.4172857338065153 0.8647020891095591 0.2795762888690354 -0.23737509692528913 0.0 0.0 0.0 1.0]
Frame:2, T_inverse:[-0.9200697736321111 -0.39134327181698897 0.01794122271664822 0.031358360687166076 0.12495643861022943 -0.24975838557128893 0.960211685853926 -0.026216764224516697 -0.37129143143091653 0.8857037102156295 0.27869611095441466 -0.2389379440985442 0.0 0.0 0.0 1.0]
Frame:3, T_inverse:[-0.9392727251163212 -0.3426471675514217 0.018959020938235715 0.032200612696136964 0.11231864516309255 -0.25474718246759365 0.9604625231591576 -0.02578478160983013 -0.3242700261224778 0.9042658351910117 0.27776287606642336 -0.2405453761692632 0.0 0.0 0.0 1.0]
Frame:4, T_inverse:[-0.9559004973101579 -0.2930137353874522 0.019931329427463906 0.032954201457695995 0.09944379266449903 -0.25906570319791367 0.9607267813087941 -0.0253421148888724 -0.2763426134540913 0.9203412102787915 0.2767793839743449 -0.24219317244064853 0.0 0.0 0.0 1.0]
Frame:5, T_inverse:[-0.9699080392826578 -0.242578325678423 0.020837307603032672 0.0336190145857667 0.08635031907185295 -0.2627074514968471 0.9610038901816124 -0.024889384114929945 -0.2276445956192096 0.9338847058686821 0.2757487577875161 -0.24387672646652755 0.0 0.0 0.0 1.0]
Frame:6, T_inverse:[-0.981258759290729 -0.1914690369225372 0.02170086187979626 0.03418822940065196 0.07309561199851251 -0.2656556379838105 0.9612929717549579 -0.024428727614604233 -0.17829286666511995 0.944863338622795 0.27467240662840675 -0.2455918957595664 0.0 0.0 0.0 1.0]
Frame:7, T_inverse:[-0.9899165899389554 -0.13985373661525363 0.02249138083126666 0.0346693919909187 0.05969736433937981 -0.2679073169283461 0.9615933356274176 -0.02396075553943951 -0.12845683170634672 0.9532399639814224 0.2735549455249525 -0.24733302830137585 0.0 0.0 0.0 1.0]
Frame:8, T_inverse:[-0.995863523637915 -0.0878417031801738 0.023228949546664285 0.03505149292862997 0.04620445522788388 -0.2694540780461952 0.9619040995223839 -0.02348704596987184 -0.07823616376265093 0.958998570774252 0.272398256506363 -0.24909593248065193 0.0 0.0 0.0 1.0]
Frame:9, T_inverse:[-0.9990810088967631 -0.03557597606541524 0.02390691388793125 0.03533422516868398 0.032649754320616536 -0.2702928943611978 0.96222439556859 -0.023008761789200378 -0.027770204526157284 0.9621206746788836 0.2712060072320303 -0.250876314249949 0.0 0.0 0.0 1.0]
Frame:10, T_inverse:[-0.9995584599119189 0.016785632702993474 0.024513271583110348 0.03552098637922617 0.019064572756818388 -0.2704204454321727 0.9625534804409966 -0.02252720922110815 0.022785960795574805 0.9625959189614925 0.2699812066934184 -0.2526686962368884 0.0 0.0 0.0 1.0]
Frame:11, T_inverse:[-0.9972977802520941 0.06906174310357992 0.02505014437514971 0.03561988241616694 0.005499975327057662 -0.2698371119460246 0.962890191481359 -0.02204395794141658 0.07325834444181398 0.9604260742505855 0.2687282088691899 -0.25446675488412085 0.0 0.0 0.0 1.0]
Frame:12, T_inverse:[-0.9923019179381922 0.12118276815690193 0.025523269584747727 0.03561265552151066 -0.008019793711755551 -0.26854419416196096 0.9632339086109803 -0.021559958660906937 0.12358148646407388 0.9556142313104375 0.2674489231948988 -0.25626827965444 0.0 0.0 0.0 1.0]
Frame:13, T_inverse:[-0.984584890071937 0.17297439034179554 0.025928696206152988 0.035506888320381264 -0.02145181721968289 -0.26654578593425776 0.9635834435713051 -0.021076677106761293 0.17358644777178592 0.9481735550402123 0.2661476718664408 -0.25806726659819756 0.0 0.0 0.0 1.0]
Frame:14, T_inverse:[-0.9741707987294604 0.22428043765605948 0.026254413707669632 0.035307359828069915 -0.03476571087863341 -0.26384540413303453 0.9639381664251216 -0.020595382894643667 0.22311959700061604 0.9381278057976067 0.2648278913169977 -0.25985823603114255 0.0 0.0 0.0 1.0]
Frame:15, T_inverse:[-0.9610850839390094 0.27497699083137556 0.02651418504774178 0.03500928639367305 -0.047915728029416696 -0.260453194442896 0.9642967275393285 -0.02011754137164337 0.27206511667506084 0.9255008410089083 0.26349344923149565 -0.26163691967401503 0.0 0.0 0.0 1.0]
Frame:16, T_inverse:[-0.9453646486166748 0.3249190531285444 0.02670181741730594 0.034615219650074684 -0.060869359939034126 -0.25637724775683235 0.9646582296437846 -0.01964432725740633 0.3202815767056083 0.910328623926608 0.26214777234966574 -0.26339793164864916 0.0 0.0 0.0 1.0]
Frame:17, T_inverse:[-0.9270609433014416 0.3739501590016875 0.026812226361217172 0.03413211978467346 -0.07359001783879736 -0.2516292219067503 0.9650217374682208 -0.01917729021310816 0.36761681837504984 0.8926610627304399 0.26079487612283464 -0.26513612883457477 0.0 0.0 0.0 1.0]
Frame:18, T_inverse:[-0.9062018225483618 0.42199178750318206 0.026851125971398885 0.03354536088605715 -0.08605206154001814 -0.24621860490367256 0.9653866372254739 -0.018717296592759454 0.4139964953040584 0.8725246290316976 0.2594371448989826 -0.26684814728122963 0.0 0.0 0.0 1.0]
Frame:19, T_inverse:[-0.8828691879854901 0.46885276328841763 0.02680990304432561 0.03287332524087755 -0.09821319302344615 -0.24016297271957346 0.9657513761421704 -0.01826585454861064 0.45923398506994473 0.8499992059125733 0.25808019811441485 -0.268527514438636 0.0 0.0 0.0 1.0]
Frame:20, T_inverse:[-0.8571198541383168 0.5144243480057786 0.026705913249066262 0.03211166329089505 -0.11003066127617361 -0.23348513850366462 0.9661148701162382 -0.017824425679926856 0.5032284458488258 0.8251377547084179 0.25672716664709927 -0.2701705511732059 0.0 0.0 0.0 1.0]
Frame:21, T_inverse:[-0.8290197644525364 0.558589911004275 0.026519442470118698 0.031261917804735896 -0.1214906035560803 -0.22619190357991797 0.9664766663629124 -0.017393802793412697 0.5458625798955867 0.7980065083338588 0.2553811424435514 -0.27177280586768454 0.0 0.0 0.0 1.0]
Frame:22, T_inverse:[-0.7986404333059375 0.6012347783240091 0.026269042634998775 0.030322474495719225 -0.13254899550352187 -0.21831205993649963 0.9668353164379242 -0.016975365419293103 0.5870299054280607 0.7686719166746365 0.25404597867543094 -0.27333035825049373 0.0 0.0 0.0 1.0]
Frame:23, T_inverse:[-0.7660742062917244 0.6422281838114124 0.025945310214885216 0.02930105089097829 -0.14317990055872415 -0.20986383589927388 0.9671900989184297 -0.01657028650128779 0.6266017420320984 0.737224583499656 0.2527254960778063 -0.27483825667955825 0.0 0.0 0.0 1.0]
Frame:24, T_inverse:[-0.7314222344796839 0.6814461977463071 0.025544178448581006 0.02820526569350875 -0.15335456253073215 -0.20086974227685195 0.9675399664851742 -0.016179633377573614 0.6644575402521407 0.7037630064143298 0.25142356210236516 -0.27629196332564004 0.0 0.0 0.0 1.0]
Frame:25, T_inverse:[-0.6947444913485794 0.7188192430419564 0.02507552865393985 0.027023938338289647 -0.1630487595151331 -0.19135186418186745 0.9678839796646572 -0.015804138349452816 0.7005319712423324 0.6683436484509703 0.2501433539575528 -0.27768898416156296 0.0 0.0 0.0 1.0]
Frame:26, T_inverse:[-0.6561745594856749 0.7542101122306507 0.024538721474645225 0.025772920630547598 -0.17222803356348618 -0.18134278753739375 0.968221226879097 -0.0154453467560522 0.734692138688838 0.6310958343162272 0.24888861244861238 -0.2790241308429963 0.0 0.0 0.0 1.0]
Frame:27, T_inverse:[-0.615795848026115 0.7875419170914283 0.023938745293869173 0.02444742741614726 -0.18087047023727268 -0.17086727872217355 0.968550541479668 -0.015104055925553988 0.7668645858674412 0.5920996254152261 0.24766250234555418 -0.2802945013720678 0.0 0.0 0.0 1.0]
Frame:28, T_inverse:[-0.5737405367954506 0.8187065143557969 0.023268818509433718 0.023059098668038784 -0.18895344095346656 -0.15995324041378442 0.9688712731929814 -0.014781232808606553 0.7969431825322739 0.5514840274054968 0.24646904827884872 -0.28149560773405075 0.0 0.0 0.0 1.0]
Frame:29, T_inverse:[-0.530101738987659 0.8476344490467912 0.022538400063439566 0.021603933065655303 -0.1964538945273614 -0.14863056791794468 0.9691825613457931 -0.014477802083473799 0.8248624001090168 0.5093376350849319 0.24531039307789773 -0.28262507017215643 0.0 0.0 0.0 1.0]
Frame:30, T_inverse:[-0.485022670938532 0.8742311502347058 0.021744399579482897 0.02009388447702098 -0.20335057057209477 -0.1369322772644025 0.9694833931291976 -0.014194545762395353 0.8505301392842459 0.46579973156425064 0.2441906935503853 -0.28367932553888103 0.0 0.0 0.0 1.0]
Frame:31, T_inverse:[-0.4386030719238307 0.8984382015748471 0.020885631175925484 0.018525317512056338 -0.20962957469498525 -0.1248817265852122 0.969773169701758 -0.01393198971056576 0.8738895069065312 0.42096721071314513 0.2431126905273367 -0.28465596455265646 0.0 0.0 0.0 1.0]
Frame:32, T_inverse:[-0.39098900639882084 0.9201784369483827 0.019979628152731903 0.01690766093163432 -0.21526418818812018 -0.11252943694830768 0.9700507267506637 -0.013691373208915586 0.8948680359021816 0.37497831152532407 0.2420793027475781 -0.2855520197725211 0.0 0.0 0.0 1.0]
Frame:33, T_inverse:[-0.3423109134800565 0.9393943786944828 0.01900676468270518 0.015246767853759577 -0.22024812684574654 -0.09988974242755552 0.9703157524114314 -0.013472897265675148 0.9134078273422291 0.3279635620375626 0.24109330012305347 -0.2863648357120426 0.0 0.0 0.0 1.0]
Frame:34, T_inverse:[-0.2926706713589135 0.956043885786949 0.017992831385479337 0.013536248049534128 -0.22456261072625824 -0.08701073338320052 0.9705671547333798 -0.013277328591340207 0.9294704351596299 0.2800161473823046 0.24015734452712587 -0.28709295315442956 0.0 0.0 0.0 1.0]
Frame:35, T_inverse:[-0.24223599927909012 0.9700696802613906 0.01692448444653331 0.011791330676330118 -0.2281977392172944 -0.0739205055853461 0.9708045293132979 -0.013105221544033412 0.942999148222212 0.23130173741638357 0.23927397395508113 -0.28773382407760495 0.0 0.0 0.0 1.0]
Frame:36, T_inverse:[-0.1911402609466864 0.9814351822286959 0.01581332382626566 0.010014628060391521 -0.23114222797982517 -0.06066180506437529 0.9710268419201851 -0.012956930211765624 0.9539592670672028 0.18194737013458823 0.23844624996899882 -0.28828552108951655 0.0 0.0 0.0 1.0]
Frame:37, T_inverse:[-0.13953772793433047 0.9901085078267082 0.014650359490466855 0.008215810000102875 -0.23338996796428574 -0.047263209519288876 0.9712340147367902 -0.012832913470874943 0.9623193585495123 0.13210443068327946 0.2376762598411505 -0.2887467101399236 0.0 0.0 0.0 1.0]
Frame:38, T_inverse:[-0.0875380455867642 0.9960702579912214 0.013453647025804446 0.006389873165169651 -0.23493306558517038 -0.033767432234486444 0.9714247707812527 -0.012733621605254337 0.9680616580240299 0.08187598750191902 0.23696586752701457 -0.2891158167121353 0.0 0.0 0.0 1.0]
Frame:39, T_inverse:[-0.03530552202957995 0.9993017988198581 0.012214851580320424 0.004548974567455828 -0.2357675039641311 -0.020205877383868597 0.9715993204687309 -0.012659405402520009 0.9711678422442442 0.03142304629879716 0.23631638879199693 -0.2893921964654555 0.0 0.0 0.0 1.0]
Frame:40, T_inverse:[0.017034532266134477 0.9997949106617313 0.0109531363419113 0.0026916219234032986 -0.235891559655169 -0.006626854903440492 0.971756831081304 -0.012610244145842602 0.9716301163378678 -0.01913719034251767 0.2357302744274985 -0.28957524443767063 0.0 0.0 0.0 1.0]
Frame:41, T_inverse:[0.06931040928953484 0.9975484057726455 0.009650550208146954 0.0008327290073961263 -0.23530471588677473 0.006946794566724146 0.9718968033385597 -0.012586319975306244 0.9694470732034549 -0.06963334101104693 0.23520937940389655 -0.28966413825113657 0.0 0.0 0.0 1.0]
Frame:42, T_inverse:[0.12142537635895319 0.9925655906232923 0.008326489492703692 -0.0010370709702187827 -0.23400797997368789 0.020473256107072946 0.9720190220313905 -0.012587774353737721 0.9646222225919043 -0.11997619206762301 0.23475431553357426 -0.2896588613948836 0.0 0.0 0.0 1.0]
Frame:43, T_inverse:[0.17319343327703932 0.9848630177481156 0.006981119628788906 -0.0029001661290379496 -0.23200569344832708 0.0339086987139809 0.972123149893327 -0.012614612433957426 0.9571714748633645 -0.1699849338727039 0.23436669033049526 -0.2895592721216407 0.0 0.0 0.0 1.0]
Frame:44, T_inverse:[0.22447919209835215 0.9744626597512507 0.005615175962192676 -0.004753117646843886 -0.22930405771052634 0.047220781605923294 0.9722087478898686 -0.012666502616484927 0.9471159986147375 -0.21952820416628216 0.23404836166347606 -0.28936591543196416 0.0 0.0 0.0 1.0]
Frame:45, T_inverse:[0.27514386755748066 0.9613937028251947 0.004234849747109657 -0.006591084296697312 -0.22591035447551328 0.060371118082172125 0.9722755802377432 -0.012743455362907566 0.9344840129109231 -0.26847234771842177 0.233799548950055 -0.2890790652734225 0.0 0.0 0.0 1.0]
Frame:46, T_inverse:[0.32506978367589007 0.9456857667701073 0.0028355756095538843 -0.008415089400473775 -0.22182903188345518 0.07333603503561692 0.9723238359162397 -0.012845685613919767 0.9193049118123017 -0.3167020799311787 0.23361991465025242 -0.28869958460596534 0.0 0.0 0.0 1.0]
Frame:47, T_inverse:[0.37410731395436597 0.9273842856948584 0.0014422563939408383 -0.010217936148141914 -0.2170804170852892 0.08605816753175101 0.9723528547228232 -0.012972073269551855 0.9016206314550875 -0.3640773702987642 0.2335119631157668 -0.28822839883913354 0.0 0.0 0.0 1.0]
Frame:48, T_inverse:[0.42211524129105044 0.906542131943021 3.595479892503289e-05 -0.011990780483741819 -0.21166936333834407 0.09852154227789886 0.9723628299671189 -0.013123039440615696 0.8814844189972383 -0.41045672743239 0.23347467423056376 -0.28766656525546314 0.0 0.0 0.0 1.0]
Frame:49, T_inverse:[0.46896375138539936 0.8832163365127478 -0.0013666335325909025 -0.013730440806031877 -0.205615854912864 0.11068098759550762 0.972353701233833 -0.013297755966974856 0.8589499974670316 -0.4557176316250342 0.23350866961249217 -0.2870159407755274 0.0 0.0 0.0 1.0]
Frame:50, T_inverse:[0.5145164375353375 0.8574760096112495 -0.002775129695202801 -0.015428214318456921 -0.1989309969469437 0.12251263374624828 0.9723255418349487 -0.013495998621713355 0.8340858595971011 -0.4997253751824038 0.23361336436924254 -0.2862785930231337 0.0 0.0 0.0 1.0]
Frame:51, T_inverse:[0.5586773423597969 0.8293745889583928 -0.004167111354407787 -0.01709040882909448 -0.19163877878119068 0.13397553516855903 0.9722782025105445 -0.013716817299110708 0.8069411893407349 -0.5423911604731526 0.2337894844060625 -0.2854559008625715 0.0 0.0 0.0 1.0]
Frame:52, T_inverse:[0.6013066251207985 0.798999040655099 -0.005551595916146296 -0.018705406657182434 -0.18375340381449728 0.14504330975234253 0.9722124856919255 -0.013960359226677736 0.7776020882892635 -0.5835777323458906 0.23403430618919027 -0.28455054749427316 0.0 0.0 0.0 1.0]
Frame:53, T_inverse:[0.6422745081048297 0.7664434217583216 -0.006916365695631607 -0.020265038286249832 -0.1753053230140566 0.15567730440754507 0.9721276950782156 -0.014225120478573633 0.7461577795727222 -0.6231602432737706 0.23434926475128368 -0.28356521789157624 0.0 0.0 0.0 1.0]
Frame:54, T_inverse:[0.6814906822477435 0.7317801556959703 -0.008261810370617387 -0.02177217323193297 -0.16631185314587205 0.16585673366713774 0.9720246105253671 -0.014510555568434573 0.7126786516073991 -0.6610516882803176 0.2347335320253337 -0.28250221959511507 0.0 0.0 0.0 1.0]
Frame:55, T_inverse:[0.718830584588473 0.6951190865906969 -0.009591992328143811 -0.02321586283755148 -0.15679420190296553 0.1755540574945744 0.9719034260408134 -0.014816470298585212 0.6772725649841874 -0.6971299051608622 0.23518427817400087 -0.2813648153933119 0.0 0.0 0.0 1.0]
Frame:56, T_inverse:[0.754207880272297 0.6565454224781605 -0.010887363068746103 -0.02459952588528202 -0.14678707953852493 0.18473657365091845 0.9717643064572762 -0.015141249249340743 0.64001873618537 -0.7313141876027269 0.23570218592505712 -0.2801556639711828 0.0 0.0 0.0 1.0]
Frame:57, T_inverse:[0.7875119097620595 0.6161794777155836 -0.012160150098335364 -0.025912564768880653 -0.13630957810849592 0.19338577111813934 0.9716077108082345 -0.015484518812241945 0.6010363468872494 -0.7634950952388959 0.23628477630563122 -0.2788785890042376 0.0 0.0 0.0 1.0]
Frame:58, T_inverse:[0.8186629408650044 0.5741180440236545 -0.013395027199416243 -0.02715723122080436 -0.12539615764744017 0.20147347679208258 0.9714341871403638 -0.015845147721817228 0.5604165905829886 -0.7935975229331781 0.2369310502646561 -0.2775362877989783 0.0 0.0 0.0 1.0]
Frame:59, T_inverse:[0.8475750667226176 0.5304747704469513 -0.014595064282739672 -0.028329712448398534 -0.11407117295655508 0.20898126780307588 0.9712437503726365 -0.016222256716616975 0.518270418750621 -0.8215371021112782 0.23763920294197324 -0.27613257272497854 0.0 0.0 0.0 1.0]
Frame:60, T_inverse:[0.8741558739816258 0.4853898616982964 -0.01575349503408276 -0.0294206356359395 -0.10237326657192276 0.21588303838734427 0.971037664969241 -0.01661467713945996 0.4747327822751302 -0.8472255510300045 0.2384063707957443 -0.2746721723870929 0.0 0.0 0.0 1.0]
Frame:61, T_inverse:[0.8983411008207808 0.43897455673091856 -0.01687170084274207 -0.03043093940578887 -0.09032805644978903 0.22216483346687627 0.9708159638950032 -0.017021362711279898 0.42991178675505237 -0.8705998767047823 0.2392315161349595 -0.2731586939143562 0.0 0.0 0.0 1.0]
Frame:62, T_inverse:[0.9200662847637364 0.3913517347028558 -0.017941484964591112 -0.031359237456862345 -0.07797168763312087 0.2278072278409674 0.9705793200260256 -0.017441126742515387 0.38392511217551645 -0.8915983733488695 0.24011209848532963 -0.27159604163732076 0.0 0.0 0.0 1.0]
Frame:63, T_inverse:[0.9392696142604154 0.34265580967456294 -0.01896136122162902 -0.032201797456263184 -0.0653375439653626 0.23279434365066526 0.9703286601238845 -0.017873120161539316 0.3369028753184746 -0.910161367048751 0.24104494991453482 -0.26998857514864644 0.0 0.0 0.0 1.0]
Frame:64, T_inverse:[0.9558957545662715 0.29302903469812575 -0.01993290328395749 -0.03295353986292209 -0.05245864854548446 0.23711373676236214 0.9700645096893413 -0.01831596233180744 0.2889834409788293 -0.9262348638319465 0.2420279219535817 -0.26834121653101356 0.0 0.0 0.0 1.0]
Frame:65, T_inverse:[0.9699048377980728 0.2425901760372027 -0.020847221138595922 -0.03361753402416426 -0.03937196819489042 0.24075352810816864 0.969787365237125 -0.018768258385874467 0.2402799446688122 -0.9397806635638748 0.24305925699343808 -0.2666577231246823 0.0 0.0 0.0 1.0]
Frame:66, T_inverse:[0.9812549204431883 0.19148873494752244 -0.021698448958959365 -0.034189363057706354 -0.026119207073854518 0.24370229719350703 0.9694981501190519 -0.019228630649572913 0.19093598145333818 -0.95075808198712 0.24413561338791073 -0.2649430796355493 0.0 0.0 0.0 1.0]
Frame:67, T_inverse:[0.9899146308634301 0.139867860319837 -0.022495286899171938 -0.034665615327856295 -0.012727002857120678 0.2459538222898663 0.9691979867629165 -0.01969634562043161 0.14109246441668644 -0.9591369444425022 0.24525338530391635 -0.2632021600239504 0.0 0.0 0.0 1.0]
Frame:68, T_inverse:[0.9958631085279045 0.08784519738739248 -0.02323614660488338 -0.03505102403310443 0.0007745494433184109 0.24750199030511263 0.9688870578546894 -0.02017043529456702 0.09086306911762441 -0.9648968372113746 0.24641005227407234 -0.26143854897259833 0.0 0.0 0.0 1.0]
Frame:69, T_inverse:[0.9990801033923111 0.03560030389781938 -0.023907048351602622 -0.03533616257793477 0.014327759458105839 0.24834059882575804 0.9685666415831353 -0.02064864449603133 0.04041836004445238 -0.9680181877454963 0.24760207937833198 -0.2596585218552681 0.0 0.0 0.0 1.0]
Frame:70, T_inverse:[0.9995593270085517 -0.016743521277238826 -0.024511025726383504 -0.03552487909604002 0.027905038857555076 0.24846848522532913 0.9682378879511148 -0.021130128484433255 -0.010121496541831854 -0.9684951997535777 0.2488262276129913 -0.2578666345679687 0.0 0.0 0.0 1.0]
Frame:71, T_inverse:[0.9972981826935744 -0.0690569170169743 -0.025049494177203507 -0.03561989308500419 0.04147571381808715 0.24788586787531924 0.9679008184750022 -0.02161352552466437 -0.060630857593433694 -0.9663246505229898 0.25008032056687485 -0.25606701992337266 0.0 0.0 0.0 1.0]
Frame:72, T_inverse:[0.9923049190719828 -0.12115917637333143 -0.025523697068947776 -0.03561159607130644 0.054995895481273656 0.24659346314717465 0.967557275661344 -0.022097559892160678 -0.11093446818074522 -0.9615155188269063 0.2513591463674228 -0.25426612848560287 0.0 0.0 0.0 1.0]
Frame:73, T_inverse:[0.9845913559565899 -0.17293808495423763 -0.025928180075997682 -0.03550780281211581 0.06843204232023037 0.2445942974782201 0.9672076796647169 -0.02258100594723569 -0.16092516192671533 -0.9540786027954851 0.25265992526122577 -0.25246768055864405 0.0 0.0 0.0 1.0]
Frame:74, T_inverse:[0.9741763548072357 -0.22425673092128093 -0.02625444888496488 -0.03531062333040529 0.08174181639776855 0.24189581555762227 0.9668529389108411 -0.02306203747024439 -0.21047244008108734 -0.9440313705298092 0.2539803300344982 -0.2506764322582198 0.0 0.0 0.0 1.0]
Frame:75, T_inverse:[0.9610929305546927 -0.2749498630237142 -0.026513905661440615 -0.03501336441014749 0.09489393129620811 0.2385029063968824 0.9664944385812201 -0.023539975769787277 -0.2594138881336627 -0.9314069494138603 0.2553145370660006 -0.24889826247068825 0.0 0.0 0.0 1.0]
Frame:76, T_inverse:[0.9453764842138488 -0.32488530547127087 -0.02669924838930196 -0.03461942973917363 0.10784778709708037 0.2344267259228599 0.9661327776940212 -0.024013138181312153 -0.3076234101746644 -0.9162386487075328 0.2566597034079069 -0.24713757499179642 0.0 0.0 0.0 1.0]
Frame:77, T_inverse:[0.9270709858371768 -0.3739259546241488 -0.02680900232642617 -0.03412971468611759 0.12056754976714253 0.2296801764050929 0.9657693288840965 -0.024479975346625653 -0.354968718600196 -0.8985690544057444 0.258013176918155 -0.24539952858536668 0.0 0.0 0.0 1.0]
Frame:78, T_inverse:[0.9062180233034153 -0.4219575039561281 -0.026847792000418653 -0.03355032132083122 0.13302761398967172 0.22427146382064034 0.9654045525962296 -0.024939901004510687 -0.4013384791391017 -0.8784385214572694 0.2593708302749367 -0.24368752464264196 0.0 0.0 0.0 1.0]
Frame:79, T_inverse:[0.8828876166983035 -0.46881805035299096 -0.026814257045857735 -0.03287524681456284 0.14518415315994013 0.2182179829295046 0.9650399884092351 -0.025391501472775788 -0.44657692496765244 -0.8559148707976751 0.2607269421031068 -0.2420077492081602 0.0 0.0 0.0 1.0]
Frame:80, T_inverse:[0.8571320103097814 -0.5144042138372878 -0.02670212333538262 -0.032113226106956994 0.15700621212892057 0.21153819245615738 0.964676444064537 -0.025832999797721252 -0.490585119321499 -0.8310474461937847 0.2620808323844375 -0.24036403928568342 0.0 0.0 0.0 1.0]
Frame:81, T_inverse:[0.8290319876799834 -0.558571793325675 -0.02652337674840474 -0.03126034837475769 0.16846547565562373 0.20424660876968803 0.9643146142425406 -0.02626363121059919 -0.5332216420429027 -0.8039159276030095 0.2634270524865526 -0.23876154021670928 0.0 0.0 0.0 1.0]
Frame:82, T_inverse:[0.7986580844465295 -0.6012114302419679 -0.02626670070048524 -0.030323024195724184 0.17952361611746004 0.19636715716757996 0.9639557511852008 -0.026682056684550332 -0.5743834734246139 -0.7745865292719243 0.26476194669436665 -0.23720409768758488 0.0 0.0 0.0 1.0]
Frame:83, T_inverse:[0.7660910896706284 -0.6422082822024027 -0.025941336542542055 -0.02930371711617414 0.1901586110777901 0.18791679917457038 0.9636010406449954 -0.027087204226563334 -0.6139577537310172 -0.7431391589067293 0.26608282724936394 -0.23569627709791283 0.0 0.0 0.0 1.0]
Frame:84, T_inverse:[0.7314315315892145 -0.6814362342872264 -0.025545255045277455 -0.028201614159620844 0.2003343788596661 0.17892267265325823 0.9632511633148958 -0.027477915402994216 -0.6518236146515739 -0.7096698630961539 0.2673847854595929 -0.23424229422947904 0.0 0.0 0.0 1.0]
Frame:85, T_inverse:[0.694760138226016 -0.7188040067231631 -0.025081210471832358 -0.027024214054787356 0.2100281059080933 0.16940413461429787 0.9629071539198423 -0.027853452218835777 -0.687892752130295 -0.6742572137691495 0.26866435443460274 -0.2328456775230486 0.0 0.0 0.0 1.0]
Frame:86, T_inverse:[0.65619106936343 -0.7541954930478637 -0.024543802450593778 -0.025771252341533782 0.21920700216292335 0.15939709650988398 0.9625698861561047 -0.02821192887914033 -0.7220536809835981 -0.6370099748681868 0.26991990001931826 -0.23151087655962943 0.0 0.0 0.0 1.0]
Frame:87, T_inverse:[0.6158213261590642 -0.7875219617086153 -0.023941362637763083 -0.024448110755069048 0.2278508185131881 0.14892039384209851 0.9622404105332127 -0.02855312567683137 -0.7542201530717811 -0.5980232469078707 0.271145899860192 -0.23024110584774193 0.0 0.0 0.0 1.0]
Frame:88, T_inverse:[0.5737552160273033 -0.8186963534269557 -0.023265138702809062 -0.023060931598643808 0.23593162543302318 0.1380094095670123 0.961919790078407 -0.028875913680965287 -0.7843094084358238 -0.5573954863245042 0.2723399580790632 -0.2290392926280203 0.0 0.0 0.0 1.0]
Frame:89, T_inverse:[0.530128553268104 -0.8476177645856909 -0.022534776099631722 -0.021606497906437823 0.24343339021585608 0.12668607871313783 0.9616084349859964 -0.029179445817789026 -0.81222158319668 -0.5152617817630475 0.27349839230060424 -0.22790975239861405 0.0 0.0 0.0 1.0]
Frame:90, T_inverse:[0.4850431306204305 -0.8742198796906552 -0.021743081600926965 -0.020094103644858738 0.2503333146773015 0.1149832859154881 0.9613075012416529 -0.029462884294967757 -0.8378940370768371 -0.4717185835745797 0.2746182092993836 -0.22685512827957652 0.0 0.0 0.0 1.0]
Frame:91, T_inverse:[0.4386287568748268 -0.8984253988029759 -0.020891811510987436 -0.018526654211933054 0.25661099535384746 0.10293528283944087 0.9610176109578986 -0.02972539165618551 -0.8612522249211578 -0.4268909284661011 0.2756963282058406 -0.22587838619337225 0.0 0.0 0.0 1.0]
Frame:92, T_inverse:[0.3910089384426399 -0.9201699906659282 -0.019976763945798837 -0.01690973376211459 0.2622476250314406 0.09057972406823629 0.9607399757524641 -0.029966118143253995 -0.8822346958547512 -0.3808967444935838 0.2767299498059691 -0.22498219378329415 0.0 0.0 0.0 1.0]
Frame:93, T_inverse:[0.3423266695244559 -0.9393885999851961 -0.019011403754820282 -0.015244048113972489 0.26723032074208386 0.07794444172422867 0.9604751257398808 -0.030184597241810687 -0.9007776280767948 -0.3338766282075723 0.27771561681295603 -0.22416917276759823 0.0 0.0 0.0 1.0]
Frame:94, T_inverse:[0.2927066138460389 -0.9560328675101929 -0.01799687473350043 -0.013536196510697053 0.2715459546830131 0.06506295550767144 0.9602236305782453 -0.030380208210731834 -0.9168345297208109 -0.2859507292669692 0.2786512938585729 -0.2234415079817523 0.0 0.0 0.0 1.0]
Frame:95, T_inverse:[0.24227037292268475 -0.9700611420699986 -0.0169237540189952 -0.011795113331748163 0.2751805833281868 0.05197770975201722 0.9599864161717746 -0.030552241714788965 -0.9303658751217151 -0.23723331731087421 0.2795346915551069 -0.22280087368856294 0.0 0.0 0.0 1.0]
Frame:96, T_inverse:[0.19117828912317256 -0.9814278363640605 -0.01580878760568635 -0.010019515795922807 0.27812520029226473 0.03871802274118934 0.9597639837113984 -0.030700523786757916 -0.941327173576989 -0.18788270060844214 0.2803620775007424 -0.22224934233481936 0.0 0.0 0.0 1.0]
Frame:97, T_inverse:[0.139632488079285 -0.9900948250102708 -0.014660757521118964 -0.008201020880074836 0.2803713682010239 0.025332081620693607 0.9595571887438963 -0.030824265952877312 -0.949681275745343 -0.13809575706385369 0.2811314716546864 -0.22178900099676294 0.0 0.0 0.0 1.0]
Frame:98, T_inverse:[0.09053107005857554 -0.9958016489338649 -0.013529568924414193 -0.005778634770950543 0.28184600677773497 0.01258877446720583 0.9593769810227782 -0.03089412845535149 -0.9551789634268244 -0.09066661546540022 0.2818025093569898 -0.2215306508115616 0.0 0.0 0.0 1.0]
Frame:99, T_inverse:[0.03524044521810168 -0.9993039911525996 -0.012223130486047616 -0.004568923880990359 0.2827507522130997 -0.0017612010565813618 0.9591916885382742 -0.03099857771482848 -0.9585457016265614 -0.03725832649611299 0.2824920455497806 -0.2211416058959784 0.0 0.0 0.0 1.0]
Frame:100, T_inverse:[-0.01700005411689082 -0.9997955176866996 -0.010949088597620693 -0.002694073740404417 0.28287444309836945 -0.015312555315282507 0.9590346637173623 -0.031047660981523537 -0.9590062376275972 0.013206441179288155 0.28307695011466205 -0.2209588407563123 0.0 0.0 0.0 1.0]
Frame:101, T_inverse:[-0.06927858491338407 -0.9975505333246685 -0.00965479947438008 -0.0008280707099771417 0.2822883362028899 -0.028885171458891638 0.9588945919062956 -0.031071618962686134 -0.9568247466766135 0.06370549570795021 0.28359809904125005 -0.2208697138816675 0.0 0.0 0.0 1.0]
Frame:102, T_inverse:[-0.12138678077886136 -0.992570173321287 -0.00833081164997757 0.0010358316641631811 0.28099220274768705 -0.04241111989039203 0.958772380688613 -0.03107031995269495 -0.9520022782622543 0.11404152132044465 0.2840527804602841 -0.2208748259680178 0.0 0.0 0.0 1.0]
Frame:103, T_inverse:[-0.17315837945850412 -0.9848691989575845 -0.006980231907156343 0.002897191965510321 0.2789916440686194 -0.055846424071554754 0.9586681982135911 -0.031043474212797892 -0.9445526107699124 0.16405407634918348 0.2844406568015424 -0.2209743666940526 0.0 0.0 0.0 1.0]
Frame:104, T_inverse:[-0.22445152618773326 -0.974468953065723 -0.005619690270186799 0.004752369822358651 0.27628887149862924 -0.06916622737003505 0.958582467641822 -0.030991422375117927 -0.9344975892054941 0.21360273396411958 0.28475950861780913 -0.22116793189268016 0.0 0.0 0.0 1.0]
Frame:105, T_inverse:[-0.2751163133729899 -0.9614016144576961 -0.0042400727984879824 0.006596953943272495 0.27289472132201326 -0.08231936737994659 0.958515509554905 -0.030914220921967033 -0.9218674098413561 0.2625461820969201 0.28500881354695023 -0.22145488872175573 0.0 0.0 0.0 1.0]
Frame:106, T_inverse:[-0.32504867837465456 -0.9456930144561587 -0.002840030947388043 0.00841796548558845 0.2688174377890477 -0.09527491479934777 0.9584674249338162 -0.03081227394265767 -0.9066865152644006 0.3107851542587056 0.28518779178174825 -0.22183473071348594 0.0 0.0 0.0 1.0]
Frame:107, T_inverse:[-0.3740766371864058 -0.9273966733951376 -0.001444470281430065 0.010220061005142632 0.2640654044872617 -0.10800677995513473 0.9584382828979836 -0.030685540676973988 -0.8890084843847441 0.35814797178720853 0.28529619114434873 -0.22230615461540537 0.0 0.0 0.0 1.0]
Frame:108, T_inverse:[-0.4220982334222053 -0.9065498070551599 -3.8679451833100354e-05 0.011989253778892007 0.25865323437169396 -0.1204721659964605 0.958428148214854 -0.030534683920797324 -0.868867676524663 0.4045410950242305 0.28533347655476216 -0.22286768362992282 0.0 0.0 0.0 1.0]
Frame:109, T_inverse:[-0.4689408812493609 -0.8832283818146968 0.001370465059873807 0.013730412301965676 0.2526012813105263 -0.1326288136139922 0.9584373153178228 -0.030360028912730482 -0.8463373205190552 0.449796693812215 0.28529982888748595 -0.223517906518829 0.0 0.0 0.0 1.0]
Frame:110, T_inverse:[-0.5145064677338801 -0.8574820559916019 0.002767119819085407 0.015432606657658198 0.2459157853895949 -0.1444614413084365 0.9584656452337694 -0.030161895715402346 -0.8214673247408848 0.4938172457019689 0.28519470251310186 -0.22425516992324127 0.0 0.0 0.0 1.0]
Frame:111, T_inverse:[-0.5586689524970357 -0.8293801772001983 0.004161292456678897 0.017090350855894786 0.23862133985687892 -0.15592562609619268 0.9585128687388677 -0.029941047711490826 -0.7943227492020529 0.536484428252663 0.28501877086967276 -0.22507765525281087 0.0 0.0 0.0 1.0]
Frame:112, T_inverse:[-0.6012956782633914 -0.7990072862626695 0.005545544263458993 0.0187021029461475 0.23073960098914714 -0.1669907916058008 0.9585787463988376 -0.02969773108299062 -0.7649853773276097 0.5776689059924711 0.28477354353829826 -0.22598294533773328 0.0 0.0 0.0 1.0]
Frame:113, T_inverse:[-0.6422696867954988 -0.7664475999836918 0.006915007302998648 0.02026360620424241 0.22229111923349096 -0.17762687989669995 0.9586633607006074 -0.02943285860695691 -0.7335369342958975 0.6172575206120696 0.2844588104874782 -0.22696841551476643 0.0 0.0 0.0 1.0]
Frame:114, T_inverse:[-0.681477770408837 -0.731792254005774 0.008263873979103997 0.02177141125679278 0.21329819354367388 -0.18780587145205319 0.9587663769416017 -0.029147164032185126 -0.7000657752165308 0.6551405924268311 0.28407536676765816 -0.22803139072825168 0.0 0.0 0.0 1.0]
Frame:115, T_inverse:[-0.7188283890262133 -0.6951214239089941 0.009587902695383926 0.02321678970233735 0.20378051041081827 -0.1975043204254136 0.9588876143359486 -0.028841419819035336 -0.6646496542560573 0.6912295241243723 0.2836239358140776 -0.2291692962532335 0.0 0.0 0.0 1.0]
Frame:116, T_inverse:[-0.7542085810074571 -0.6565446155561335 0.010881883630201497 0.024598897254248665 0.19376541706891964 -0.20669351180586573 0.9590269523941193 -0.02851636059435018 -0.62739476603212 0.7254149795167114 0.28310574555463247 -0.23037875579913702 0.0 0.0 0.0 1.0]
Frame:117, T_inverse:[-0.7875149146377117 -0.616175549328741 0.012161693870418714 0.025913963108113343 0.18329765572218706 -0.21533529608048724 0.9591833338534138 -0.028173230594221856 -0.5884064289041732 0.7576004273902374 0.2825233263070208 -0.23165633176463984 0.0 0.0 0.0 1.0]
Frame:118, T_inverse:[-0.8186686217681194 -0.5741097365857674 0.013395910984582232 0.02715713423028611 0.1723803433232828 -0.22342572126321225 0.959356988536196 -0.02781259132900098 -0.5477832308208683 0.7877047833563757 0.28187702104990964 -0.2329985115151242 0.0 0.0 0.0 1.0]
Frame:119, T_inverse:[-0.8475785326720926 -0.5304687386290833 0.014600502520770988 0.02832489572322177 0.16106000139463614 -0.23092989486829277 0.9595471639322921 -0.027435754377017472 -0.5056381047193947 0.8156433278817001 0.28116875939222435 -0.2344017106420778 0.0 0.0 0.0 1.0]
Frame:120, T_inverse:[-0.8741583265298685 -0.48538513894514995 0.01575117008361234 0.029418979224683926 0.149354663865084 -0.23783660107596236 0.9597534497691563 -0.027043172010560945 -0.46210388793217155 0.8413291326679323 0.2804016406979409 -0.23586178851058434 0.0 0.0 0.0 1.0]
Frame:121, T_inverse:[-0.8983410894309067 -0.4389745370566163 0.016870664323212225 0.030432366593681388 0.13731505132025634 -0.24411515567774197 0.9599752022965332 -0.0266366623778904 -0.41728627751481 0.8647017940780727 0.279576486668674 -0.23737508597005466 0.0 0.0 0.0 1.0]
