Frame:1, T_inverse:[-0.5177834949459516 -0.7439291525671577 -0.422456674813963 0.022164169130069144 0.004557775558195321 0.4914001471912906 -0.8709219755092228 -0.010011622143342645 0.8554995164127266 -0.45287451991865535 -0.2510482013274312 -0.32319884723223585 0.0 0.0 0.0 1.0]
Frame:2, T_inverse:[-0.4748187224749637 -0.7652766182376561 -0.43462485945593304 0.023640437386194268 0.004707829533622473 0.4916293643426124 -0.8707918345789596 -0.010017678680269305 0.8800709754699753 -0.415514455787908 -0.22983200551844415 -0.3242236534070889 0.0 0.0 0.0 1.0]
Frame:3, T_inverse:[-0.4281718928469228 -0.7857918774536168 -0.4463184369044225 0.02415326142592312 0.004850734708307902 0.49187482982081837 -0.8706524214924556 -0.010025269809412225 0.9036843785579166 -0.3749537932546367 -0.20679534593496438 -0.32547380437774165 0.0 0.0 0.0 1.0]
Frame:4, T_inverse:[-0.38027818293542476 -0.8041867330604439 -0.45680655192373326 0.024573059247177984 0.0049784983336950365 0.49212612946748635 -0.870509653544592 -0.010032960494744697 0.9248587556258491 -0.333310071382341 -0.18314119517339142 -0.3267498256531448 0.0 0.0 0.0 1.0]
Frame:5, T_inverse:[-0.3313563270324494 -0.8203711830461159 -0.4660406654723708 0.024930546449190762 0.005091365220449955 0.49238397139436574 -0.8703631924341994 -0.010040795040726552 0.9434918795119932 -0.2907731973921803 -0.15897768060601922 -0.3280458673694017 0.0 0.0 0.0 1.0]
Frame:6, T_inverse:[-0.2815171928992489 -0.8343098695207973 -0.47399884934511166 0.02521655392808859 0.005188749105130513 0.49264643955254084 -0.8702140231679134 -0.010048755634493117 0.9595420640419593 -0.24743976956920985 -0.13435938927112667 -0.3293590683457858 0.0 0.0 0.0 1.0]
Frame:7, T_inverse:[-0.230919786420262 -0.8459581468690016 -0.48065643520338625 0.025438035477387856 0.005270229057036352 0.49291347469458824 -0.8700623179940903 -0.010056842556040568 0.9729583803393838 -0.20344790840232793 -0.10936500808387312 -0.3306851875414457 0.0 0.0 0.0 1.0]
Frame:8, T_inverse:[-0.17967368738479467 -0.8552916368131521 -0.4859977254620999 0.025584400061701065 0.005335249059804114 0.4931829949212271 -0.8699092978327065 -0.010064889244612619 0.983711887505488 -0.15889266163578597 -0.08404885780128576 -0.3320216601428005 0.0 0.0 0.0 1.0]
Frame:9, T_inverse:[-0.12793676913417984 -0.8622793768459691 -0.49000634649810115 0.025661243100085464 0.005384005164485876 0.4934554276454794 -0.8697543757703602 -0.010072990764205907 0.9917675897745276 -0.11391186549590218 -0.05848851766257359 -0.33336380517943703 0.0 0.0 0.0 1.0]
Frame:10, T_inverse:[-0.07586569830863847 -0.866902157423323 -0.4926713804036747 0.025673324822146106 0.0054164263022315395 0.4937297715650845 -0.8695985372526985 -0.010081191930283132 0.9971033344297767 -0.06864120962137238 -0.03276164834750527 -0.3347079239901227 0.0 0.0 0.0 1.0]
Frame:11, T_inverse:[-0.02356739889660839 -0.8691505310768767 -0.4939856188297609 0.025608499369933552 0.005432062686656043 0.4940042873241384 -0.8694424770743158 -0.010089248827359983 0.9997074638614779 -0.023173907860376836 -0.006921086148461195 -0.33605119693662483 0.0 0.0 0.0 1.0]
Frame:12, T_inverse:[0.028775291911552793 -0.8690156382886414 -0.4939470876281095 0.02548029952716044 0.005431267361139679 0.4942803858749635 -0.8692855655571184 -0.010097379050449561 0.9995710961212928 0.022331153497341147 0.018942937744579752 -0.33738897326224776 0.0 0.0 0.0 1.0]
Frame:13, T_inverse:[0.08106091304348093 -0.8664984249294305 -0.49255417429085835 0.025274906128924562 0.0054139709809460385 0.4945559561328995 -0.8691289187066086 -0.010105477647869692 0.9966944458282135 0.0677856899570844 0.044780367348667374 -0.33871793707305614 0.0 0.0 0.0 1.0]
Frame:14, T_inverse:[0.1331029983336933 -0.8616077647117041 -0.48981182448772964 0.025007478445113855 0.005379952984472637 0.4948300272760635 -0.8689731150098624 -0.010113424250687276 0.9910876016960595 0.11302775572285059 0.07049877877675514 -0.3400340310557805 0.0 0.0 0.0 1.0]
Frame:15, T_inverse:[0.1848107665111266 -0.8543513799429131 -0.48572498359262317 0.024661040970196915 0.005329627200541777 0.49510265479188 -0.868818177342076 -0.010121372902068746 0.9827596912808326 0.15797823834889027 0.09605366200387387 -0.34133492017135986 0.0 0.0 0.0 1.0]
Frame:16, T_inverse:[0.23597762284635712 -0.8447590221002302 -0.4803089982951071 0.02425896043375433 0.005262835084383486 0.49537160787788503 -0.8686652298441184 -0.01012907527501634 0.9717442408982409 0.2024577395594263 0.12134244899002097 -0.3426155104557215 0.0 0.0 0.0 1.0]
Frame:17, T_inverse:[0.2865104656890088 -0.8328490886271822 -0.4735757378353028 0.02378594113035559 0.0051798559340496455 0.4956375606351589 -0.8685139463372418 -0.010136638475501138 0.9580630331402264 0.24638521894944712 0.14631942923787783 -0.3438733159345787 0.0 0.0 0.0 1.0]
Frame:18, T_inverse:[0.33626147014824614 -0.8186554368672928 -0.465544222612983 0.023246462208846647 0.005081336553066722 0.49589966421550574 -0.8683649218810862 -0.010144194594629492 0.941754918217384 0.28963206983461404 0.1709118168087075 -0.3451049068913233 0.0 0.0 0.0 1.0]
Frame:19, T_inverse:[0.385098337632873 -0.802215183943491 -0.4562343644118076 0.022640382474691995 0.004966738559707016 0.49615634870577346 -0.8682188262093544 -0.010151342489351796 0.9228620061978762 0.3320834915768238 0.195053457819888 -0.3463066393634842 0.0 0.0 0.0 1.0]
Frame:20, T_inverse:[0.4328615150095346 -0.7835823678432834 -0.4456788196692501 0.021979140980283574 0.00483713808194589 0.49640828340108745 -0.8680756683188326 -0.010158551242324072 0.9014474353434347 0.3736007442102995 0.21866632909675268 -0.3474750758200684 0.0 0.0 0.0 1.0]
Frame:21, T_inverse:[0.47945281359021896 -0.7627960770807858 -0.43389746720329553 0.021252038646326386 0.004692650346624528 0.49665344247931115 -0.8679361755841026 -0.010165435725230376 0.8775550337657175 0.4140982424162986 0.24170145281400926 -0.34860731122664995 0.0 0.0 0.0 1.0]
Frame:22, T_inverse:[0.5247194269697352 -0.7399237069055475 -0.4209303464239388 0.020470892823981856 0.004533289667441174 0.49689214153257566 -0.8678004505236634 -0.010172105986214298 0.8512631658444163 0.4534435082629605 0.2640832680168782 -0.34969998848016504 0.0 0.0 0.0 1.0]
Frame:23, T_inverse:[0.5685546574581462 -0.7150198250439102 -0.40680728534557614 0.019630790920899508 0.0043596934485483 0.49712305723614486 -0.867669082035203 -0.010178459294587954 0.8226339231305372 0.49154375944722983 0.28575891499518913 -0.350749813819358 0.0 0.0 0.0 1.0]
Frame:24, T_inverse:[0.6108268392139858 -0.6881593770233482 -0.39156987726556947 0.018738924236299775 0.004172923369022963 0.49734509004628646 -0.8675425713358428 -0.010184500775969345 0.7917530898867263 0.5282842394175264 0.3066634241784596 -0.3517540952225373 0.0 0.0 0.0 1.0]
Frame:25, T_inverse:[0.6514285742692363 -0.6594102877205757 -0.3752584045602844 0.017793975946341935 0.003973059938272205 0.49755862833440806 -0.8674212348042442 -0.010190307563043703 0.7586995852933429 0.5635720933795625 0.32674377584976844 -0.352710518232681 0.0 0.0 0.0 1.0]
Frame:26, T_inverse:[0.6902473167798916 -0.6288509798591874 -0.35791773122386705 0.016799092962848136 0.003759834971071355 0.49776330156796916 -0.8673047897476387 -0.01019578248624815 0.7235637949389755 0.597309092110933 0.34594415806727263 -0.35361641431774427 0.0 0.0 0.0 1.0]
Frame:27, T_inverse:[0.727165075069364 -0.5965760739459628 -0.3395997347743702 0.015762642149666453 0.0035353889877061495 0.4979578099352905 -0.8671940344492657 -0.010201061118164684 0.6864535208573 0.6293925411045519 0.36420667139840474 -0.3544688129085003 0.0 0.0 0.0 1.0]
Frame:28, T_inverse:[0.7620959841550374 -0.5626609431769884 -0.3203471153794933 0.014679852246234415 0.003299454400324832 0.49814065966474846 -0.8670899117979292 -0.01020564085085519 0.647455601621081 0.6597487827546082 0.38148750494338884 -0.3552659263709607 0.0 0.0 0.0 1.0]
Frame:29, T_inverse:[0.7949308345336649 -0.5272108777207791 -0.3002226950277366 0.013560971753176013 0.003051925405005756 0.49831394791876027 -0.8669913217610612 -0.01021011401745026 0.6066924277057123 0.6882818797245207 0.39773409949813654 -0.35600526868855736 0.0 0.0 0.0 1.0]
Frame:30, T_inverse:[0.8256003198112948 -0.49030089996354237 -0.2792653091981728 0.012397064036690412 0.002795258317419775 0.4984750264984931 -0.8668995447374019 -0.010214200817730331 0.5642484216966897 0.7149318813219303 0.4129116685534015 -0.35668517462427013 0.0 0.0 0.0 1.0]
Frame:31, T_inverse:[0.8539980578488814 -0.4520576457151596 -0.25754844517759656 0.011204371176173303 0.0025296984939775025 0.4986245806377751 -0.8668143304377425 -0.010218128547709236 0.5202700249874709 0.7396062502463366 0.4269679957969452 -0.35730336510108296 0.0 0.0 0.0 1.0]
Frame:32, T_inverse:[0.8800615558004371 -0.4125653503546843 -0.23512016854584633 0.009976412641554987 0.0022549001470704893 0.49876139019366084 -0.866736395145108 -0.010221361116822418 0.4748542497806094 0.7622512409485814 0.43987102738093015 -0.35785842923449795 0.0 0.0 0.0 1.0]
Frame:33, T_inverse:[0.9037019177617505 -0.3719596430496687 -0.21205853246305373 0.008729412400412065 0.001971633901673189 0.49888621337032474 -0.8666652685552002 -0.010224422954363077 0.42815757171296315 0.7827889496922973 0.4515777883396745 -0.35834788515501864 0.0 0.0 0.0 1.0]
Frame:34, T_inverse:[0.9248708807839242 -0.3303261247191854 -0.18841041446753584 0.007454648082744131 0.0016813776291765416 0.4989974194325169 -0.8666018711810983 -0.010226814042478563 0.38027751994133113 0.8011780347930826 0.4620635803662332 -0.3587713209857606 0.0 0.0 0.0 1.0]
Frame:35, T_inverse:[0.9435061024840797 -0.28778518791664853 -0.16424357019794897 0.006158259509113183 0.0013859108692270124 0.4990952823195595 -0.8665459526421776 -0.010229059973403051 0.3313523223924571 0.8173637768469805 0.47129829057476985 -0.3591275941784563 0.0 0.0 0.0 1.0]
Frame:36, T_inverse:[0.9595554327086021 -0.24445348697824631 -0.13962773379258633 0.004844628533409728 0.001082962254974947 0.4991799428303792 -0.8664976175917324 -0.010230755351966277 0.28151775078817837 0.8313012711464924 0.4792555592085349 -0.3594155703672243 0.0 0.0 0.0 1.0]
Frame:37, T_inverse:[0.972977950574371 -0.20043926971665382 -0.11462122209048417 0.003512217845593561 0.0007761400451023736 0.49925109238753757 -0.8664570420736678 -0.010232260235145422 0.23089677264598749 0.8429546271472819 0.48591587507094003 -0.3596345435470954 0.0 0.0 0.0 1.0]
Frame:38, T_inverse:[0.9837258585895945 -0.15590441085447534 -0.08931518573846058 0.0021822349401737448 0.00046681650943621576 0.4993068728988121 -0.8664250484504501 -0.0102329053662574 0.17967517305479516 0.85228302877094 0.4912538785267222 -0.3597837623354673 0.0 0.0 0.0 1.0]
Frame:39, T_inverse:[0.9917802931954064 -0.11093398098304297 -0.06376138058186186 0.0008428857691494537 0.00015322930459821902 0.4993497813378019 -0.8664004278928191 -0.01023359762187017 0.12795248497773878 0.8592690995898563 0.4952622919470889 -0.3598630286351474 0.0 0.0 0.0 1.0]
Frame:40, T_inverse:[0.9971180569682468 -0.0656479766582299 -0.038025313600804335 -0.0005036989322341643 -0.0001618809716837215 0.49937752700917015 -0.8663845089710026 -0.010233553817866631 0.07586538071034532 0.8638937770813191 0.49792774021242453 -0.35987203791612615 0.0 0.0 0.0 1.0]
Frame:41, T_inverse:[0.9997222144033081 -0.020175675420762793 -0.012182287730125172 -0.0018514386730648258 -0.0004790436391842165 0.49939070658411044 -0.8663766283695438 -0.010233020639648921 0.023563456812251846 0.8661417729525605 0.4992423292497653 -0.3598106355243718 0.0 0.0 0.0 1.0]
Frame:42, T_inverse:[0.9995857283039207 0.025323715831949492 0.013679230974356495 -0.003182512459153318 -0.0007953857718821388 0.4993905257324983 -0.8663766178725253 -0.010232450952757315 -0.028771153479927643 0.8660067790820579 0.4992037645779008 -0.3596791450965744 0.0 0.0 0.0 1.0]
Frame:43, T_inverse:[0.9967081757462801 0.07078749737922019 0.03952092460244072 -0.004518737038419467 -0.001112845838790776 0.49937524085526214 -0.8663850773778442 -0.01023116725835561 -0.08106500995102392 0.8634891256689302 0.49781016922479016 -0.3594772959991975 0.0 0.0 0.0 1.0]
Frame:44, T_inverse:[0.9911003351013511 0.11603328788940775 0.06524128464160789 -0.005832720778935849 -0.0014282682603932732 0.49934567831484916 -0.8664016434928639 -0.01022956367748471 -0.13310938701558225 0.8585977465265572 0.49506740436974356 -0.3592063233477253 0.0 0.0 0.0 1.0]
Frame:45, T_inverse:[0.9827768524336392 0.1609593057448964 0.09078398607908846 -0.00713039417462712 -0.0017396476295825907 0.49930210521658425 -0.8664261871400849 -0.010227542135430166 -0.1847879944516077 0.8513456846799189 0.4909825647340361 -0.3588667941390076 0.0 0.0 0.0 1.0]
Frame:46, T_inverse:[0.9717572734914721 0.20545710835430567 0.1160825551040153 -0.008413406388085595 -0.002050330624443167 0.49924390046111333 -0.866459064558635 -0.010225065222753309 -0.2359736790472743 0.8417498975777675 0.4855651620705588 -0.35845958666045225 0.0 0.0 0.0 1.0]
Frame:47, T_inverse:[0.9580736809795256 0.24939122129307464 0.1410632405271867 -0.009673449758350246 -0.0023566333525828083 0.49917191477869893 -0.8664997359210559 -0.01022228651476316 -0.2865122576097248 0.8298381365244504 0.4788311885945571 -0.3579860237225954 0.0 0.0 0.0 1.0]
Frame:48, T_inverse:[0.9417659810507212 0.29263536733164497 0.16565445015307736 -0.010904362596446783 -0.0026573688802378754 0.49908604757797875 -0.8665483352610842 -0.010218949001570157 -0.3362585064240091 0.8156455038192902 0.47079991209666844 -0.3574473216251637 0.0 0.0 0.0 1.0]
Frame:49, T_inverse:[0.9228762418433222 0.3350798910448268 0.1897917327934274 -0.012106125973928659 -0.0029538679579044886 0.4989867931294733 -0.8666045336517904 -0.01021548251321408 -0.38508533719256044 0.7992080925259385 0.4614928278329162 -0.3568449973113039 0.0 0.0 0.0 1.0]
Frame:50, T_inverse:[0.9014595158533096 0.376601141803614 0.21340641574778157 -0.013272730773389502 -0.003243127978103224 0.4988734466019133 -0.8666686043360293 -0.010211263333212352 -0.4328512295301118 0.780574536258397 0.4509355884377236 -0.3561805851402629 0.0 0.0 0.0 1.0]
Frame:51, T_inverse:[0.8775675427081627 0.41709782664200884 0.23644146957514064 -0.014406519519161803 -0.003524933657801237 0.4987479678588618 -0.866739704361867 -0.010206928006163107 -0.47944004444118 0.759789123711765 0.4391552966631815 -0.35545585914990663 0.0 0.0 0.0 1.0]
Frame:52, T_inverse:[0.8512775391040992 0.45644104280211134 0.2588206612040419 -0.015495658045697271 -0.0037999868361056786 0.4986086832221283 -0.8668188660529047 -0.010202043601148077 -0.5247019141515943 0.7369198645328573 0.4261888508420572 -0.3546733368350925 0.0 0.0 0.0 1.0]
Frame:53, T_inverse:[0.8226420927826721 0.4945493325447564 0.2805012650697596 -0.016550433403853485 -0.00406552576334078 0.49845826313460606 -0.8669041291850109 -0.010197105706420722 -0.5685450367643025 0.7120114787612027 0.4120633468618138 -0.35383377549452577 0.0 0.0 0.0 1.0]
Frame:54, T_inverse:[0.7917575209419275 0.5312934423803033 0.30140875862534566 -0.01755594048292824 -0.004320830099657708 0.4982958948281868 -0.8669962460965296 -0.010191633609680006 -0.6108201530679 0.6851484673029022 0.3968251598165245 -0.3529403460396976 0.0 0.0 0.0 1.0]
Frame:55, T_inverse:[0.7587042682300985 0.5665802043242206 0.32148831589009175 -0.018512440228006848 -0.004567119750512195 0.49812190580879173 -0.8670949643788198 -0.010186018547475651 -0.6514192054653116 0.6564003627141362 0.3805148595758802 -0.3519957900184107 0.0 0.0 0.0 1.0]
Frame:56, T_inverse:[0.7235692237217937 0.6003160785351008 0.3406878544567426 -0.019419294429741878 -0.004802153497157551 0.497936480492766 -0.8672002162025456 -0.010179869184230573 -0.6902351072911361 0.6258433278338473 0.3631743382533696 -0.3510023999062618 0.0 0.0 0.0 1.0]
Frame:57, T_inverse:[0.6864520046895511 0.6324049468229818 0.3589534922002352 -0.02027219431763906 -0.0050254234179660014 0.4977413063240552 -0.8673109741705514 -0.010173551280888047 -0.7271576990647137 0.593563458426826 0.3448536195755806 -0.34996291380860617 0.0 0.0 0.0 1.0]
Frame:58, T_inverse:[0.6474452088615766 0.662766717304058 0.37623795256691206 -0.021073499669908912 -0.005237323473774103 0.49753570502585864 -0.8674276675217321 -0.010167015981321994 -0.7620939944268296 0.5596414123281352 0.3255982231435132 -0.34888015067826095 0.0 0.0 0.0 1.0]
Frame:59, T_inverse:[0.6066826670934842 0.6912977197603145 0.3924838916805075 -0.021808218956896074 -0.005436247427243301 0.4973215098629539 -0.8675492844540098 -0.010160331984918763 -0.794925543773515 0.5241934798434901 0.30547439962596945 -0.3477576920623459 0.0 0.0 0.0 1.0]
Frame:60, T_inverse:[0.5642431671150495 0.7179437974193664 0.4076596144865808 -0.022489660437538528 -0.005621826036616084 0.4970982297045689 -0.8676760361213385 -0.010153317383147436 -0.8255895074554518 0.4872884435355382 0.28452044125824305 -0.3465976492664179 0.0 0.0 0.0 1.0]
Frame:61, T_inverse:[0.5202559010720745 0.742622460303009 0.42171753155438535 -0.023109689853890447 -0.0057940303550227034 0.4968663724315547 -0.8678076903386457 -0.010146041989465955 -0.8539907229947876 0.44903863997472937 0.26280045174710637 -0.34540369969892054 0.0 0.0 0.0 1.0]
Frame:62, T_inverse:[0.4748458137933182 0.765263371390407 0.4346186603694139 -0.023665191569841808 -0.0059521046719612294 0.49662744806357395 -0.8679433380219992 -0.0101387298575745 -0.8800488315829772 0.40955231479628007 0.24037641143573507 -0.344179122426549 0.0 0.0 0.0 1.0]
Frame:63, T_inverse:[0.42814786324733944 0.7858007710389565 0.4463256404831235 -0.024150519171974662 -0.006095113866373058 0.4963818684004299 -0.8680828772949689 -0.010131120072898136 -0.9036881549463675 0.3689474170308254 0.21731439429639465 -0.34292712010602155 0.0 0.0 0.0 1.0]
Frame:64, T_inverse:[0.3802587468822938 0.8041924526578859 0.4568126547744298 -0.024576145448965594 -0.006223467010093529 0.4961291890170651 -0.8682264100413228 -0.010123302385730662 -0.9248591803020304 0.3273077351319017 0.19366235231879275 -0.3416505979743605 0.0 0.0 0.0 1.0]
Frame:65, T_inverse:[0.3313308908223645 0.8203780613811463 0.466046738655754 -0.024932739252271404 -0.006336477777193475 0.49587126217132843 -0.8683728860078161 -0.010115444404991333 -0.9434932596389043 0.28476560937001383 0.16949580626116356 -0.3403536737018033 0.0 0.0 0.0 1.0]
Frame:66, T_inverse:[0.28147165596721924 0.834320690509783 0.4740067893188304 -0.025229474561982705 -0.006433777230743398 0.4956085441183378 -0.86852209303959 -0.010107459355879582 -0.9595478348253208 0.2414145699146199 0.14486766000657433 -0.33903946210516545 0.0 0.0 0.0 1.0]
Frame:67, T_inverse:[0.23088094270870074 0.8459654623593204 0.4806622084319303 -0.025442913340614392 -0.0065148562537254325 0.4953425489520827 -0.8686731685919608 -0.010099402457679133 -0.9729600483166749 0.19742850781021803 0.11987658104647686 -0.33771298573948555 0.0 0.0 0.0 1.0]
Frame:68, T_inverse:[0.17964433751219722 0.8552952431543492 0.4860016602688453 -0.02559125335344231 -0.006579941710743923 0.4950727098130023 -0.8688265255347425 -0.010091270959321582 -0.9837094928431045 0.15288177099856262 0.09456487862511806 -0.33637667731372506 0.0 0.0 0.0 1.0]
Frame:69, T_inverse:[0.12790443423387324 0.8622822963062725 0.49000984753050375 -0.0256730450252972 -0.00662893132166637 0.49480011194809875 -0.8689815227886108 -0.0100831625291209 -0.9917643207207062 0.10789833123812442 0.06900315048740088 -0.3350341247330696 0.0 0.0 0.0 1.0]
Frame:70, T_inverse:[0.07581766206092738 0.8669044241081352 0.4926746954370612 -0.025683195139426046 -0.006661514083707936 0.494526235868547 -0.8691371182079025 -0.01007511597631209 -0.9970993753729088 0.06261394502397143 0.04326874575598361 -0.33368931562228044 0.0 0.0 0.0 1.0]
Frame:71, T_inverse:[0.023546193331462562 0.8691494942827209 0.4939885690379688 -0.025615575716996856 -0.00667719135621888 0.49425129243463733 -0.8692934237844826 -0.010066922803430441 -0.9997004155732381 0.017170078376315994 0.017441224504355816 -0.3323466454533413 0.0 0.0 0.0 1.0]
Frame:72, T_inverse:[-0.028818214913210034 0.8690135792020944 0.493948165463549 -0.025487540443559956 -0.006676581224368592 0.49397508375536453 -0.8694504038912234 -0.01005886264569289 -0.9995622987994802 -0.02835393810909278 -0.008433415024480936 -0.3310083579175322 0.0 0.0 0.0 1.0]
Frame:73, T_inverse:[-0.08109697948357063 0.8664950369681667 0.49255397111200105 -0.02528728596215874 -0.00665896658040736 0.4936997462273496 -0.8696069211126577 -0.010050734094798732 -0.9966838625181175 -0.07380246785045072 -0.03426755184485748 -0.32967840799604053 0.0 0.0 0.0 1.0]
Frame:74, T_inverse:[-0.13314971099691147 0.8616014546610102 0.48981033364930615 -0.02501655646785514 -0.006625272944457763 0.4934259468159889 -0.8697626042857565 -0.0100427996606583 -0.9910737976460581 -0.11905374402561696 -0.05999119607033893 -0.3283610378129138 0.0 0.0 0.0 1.0]
Frame:75, T_inverse:[-0.1848383998859432 0.8543463478198315 0.485723202214551 -0.02467758405310106 -0.00657502832957296 0.4931534042247738 -0.8699175311115321 -0.010034960154762577 -0.9827469051460841 -0.16398781394175546 -0.08553632928818106 -0.3270596597341393 0.0 0.0 0.0 1.0]
Frame:76, T_inverse:[-0.23601915968476778 0.8447493935041285 0.4803053640668505 -0.024270630531559555 -0.006508223689949643 0.4928841056240741 -0.8700705674949066 -0.01002716323218917 -0.9717265426239852 -0.2084793307603608 -0.11083223632689496 -0.32577793098634245 0.0 0.0 0.0 1.0]
Frame:77, T_inverse:[-0.28655122658554316 0.8328377559640621 0.47357096929872844 -0.02379631341289319 -0.006425402114930301 0.49261784100349587 -0.8702219937088956 -0.010019534246125545 -0.9580432639220763 -0.2524061579929557 -0.13580886957106747 -0.3245193678469037 0.0 0.0 0.0 1.0]
Frame:78, T_inverse:[-0.3362979073968453 0.8186435351775735 0.46553883893946335 -0.023256979278801316 -0.006326902716209092 0.49235572855513915 -0.8703710585841237 -0.01001216455145341 -0.9417343561906246 -0.2956494401759364 -0.1603986918602936 -0.3232873616678302 0.0 0.0 0.0 1.0]
Frame:79, T_inverse:[-0.3851131755410709 0.802209151957901 0.4562327551765248 -0.022650248385606513 -0.006212297088282941 0.4920986795566009 -0.8705172741335225 -0.010004785562349901 -0.9228484219160535 -0.33808191963491213 -0.1845301183127012 -0.3220856434955659 0.0 0.0 0.0 1.0]
Frame:80, T_inverse:[-0.4328925490602204 0.7835688506067162 0.4456723715165804 -0.02198851648753735 -0.006082800384184638 0.49184712279251 -0.8706603060368233 -0.009997787986878472 -0.9014250011600963 -0.3796133221015397 -0.20815063901659342 -0.32091664936068237 0.0 0.0 0.0 1.0]
Frame:81, T_inverse:[-0.4794694814893579 0.762787597221639 0.43389409063258566 -0.021260507442542608 -0.00593838273799857 0.49160171036459765 -0.8707998763353622 -0.009991033085407396 -0.8775384069390474 -0.4200986181244494 -0.23117828359148204 -0.3197844573534701 0.0 0.0 0.0 1.0]
Frame:82, T_inverse:[-0.5247449346330917 0.7399098947107501 0.4209228289055449 -0.020478993120386115 -0.005778868587813499 0.49136293530646924 -0.8709357535127212 -0.009984385885337678 -0.8512398369475299 -0.4594515952336527 -0.25356436045789194 -0.318691750403915 0.0 0.0 0.0 1.0]
Frame:83, T_inverse:[-0.5685675505020445 0.7150115787788875 0.4068034591611245 -0.019635882529481435 -0.0056057052771717785 0.4911329197683725 -0.8710665572841617 -0.009977930455126375 -0.8226172866167201 -0.49754070869149314 -0.27523401023849536 -0.31764115063642523 0.0 0.0 0.0 1.0]
Frame:84, T_inverse:[-0.6108417954040402 0.6881486636640369 0.39156555540979376 -0.018742743776633326 -0.00541873713705361 0.4909103584624942 -0.8711932061706991 -0.009971864250442322 -0.7917340502473549 -0.5342830487107612 -0.2961396197182024 -0.3166358117123961 0.0 0.0 0.0 1.0]
Frame:85, T_inverse:[-0.6514388624806274 0.6594018331656016 0.3752554569064462 -0.017796909265823096 -0.005218361668271018 0.4906965594575297 -0.8713149059823525 -0.009965996435046504 -0.7586831938779216 -0.5695665694632682 -0.31621781353844014 -0.3156788816525043 0.0 0.0 0.0 1.0]
Frame:86, T_inverse:[-0.6902594409232569 0.6288404259436355 0.35791283630075527 -0.016806162545276417 -0.005005556871071288 0.49049214348606207 -0.8714312479253535 -0.009960531042224755 -0.7235446112215292 -0.6033051837772031 -0.33541911931423035 -0.3147724751364398 0.0 0.0 0.0 1.0]
Frame:87, T_inverse:[-0.7271824936407135 0.5965592221583362 0.33959188205175345 -0.01576712611979487 -0.004781095960383179 0.49029799527873663 -0.8715417084448984 -0.009955352968356876 -0.6864274602422206 -0.635393563912159 -0.35368388484827035 -0.31391957012443295 0.0 0.0 0.0 1.0]
Frame:88, T_inverse:[-0.7621081310472377 0.5626471388998218 0.32034226423980655 -0.01468289342784002 -0.0045450181460916115 0.4901142819646157 -0.8716463049804988 -0.009950499458691952 -0.6474336341767037 -0.6657448124704389 -0.37096277906812447 -0.31312227109133456 0.0 0.0 0.0 1.0]
Frame:89, T_inverse:[-0.7949471151486038 0.5271917236417435 0.3002129699276664 -0.013559073515565586 -0.004297579244345114 0.4899409659217337 -0.8717450047371097 -0.009946011101928698 -0.6066634349906009 -0.6942813936851224 -0.38721147376736764 -0.3123829842100062 0.0 0.0 0.0 1.0]
Frame:90, T_inverse:[-0.8256078346500377 0.4902906867545802 0.27926083328926754 -0.012398468200787422 -0.004040381238990219 0.4897792493211278 -0.8718371243987603 -0.009941949447798424 -0.5642297746878343 -0.72092392325548 -0.4023845936380415 -0.3117034574619328 0.0 0.0 0.0 1.0]
Frame:91, T_inverse:[-0.8540006707359308 0.4520522152034347 0.2575480888085291 -0.011200939282973912 -0.0037746142103985375 0.48963013367693564 -0.8719219724808168 -0.009938162386350154 -0.5202576239043925 -0.7455943757210396 -0.4164379523587183 -0.3110857540526963 0.0 0.0 0.0 1.0]
Frame:92, T_inverse:[-0.880068641821224 0.41255312993139165 0.23511503785449758 -0.009982278207914122 -0.0034985567501476774 0.4894921470371932 -0.8720006957760791 -0.009934905003659419 -0.4748335550185275 -0.7682430027477765 -0.4293433076339393 -0.3105312125649398 0.0 0.0 0.0 1.0]
Frame:93, T_inverse:[-0.9037065259266306 0.37194969060868543 0.21205550647496307 -0.008724675446903236 -0.0032168791513329147 0.4893683908055671 -0.8720711903504029 -0.009931984139233631 -0.4281398658635739 -0.7887787270472928 -0.4410487969883071 -0.3100413188648527 0.0 0.0 0.0 1.0]
Frame:94, T_inverse:[-0.9248831214932703 0.330299652385764 0.18839696684366425 -0.007454476173478934 -0.002926049855515768 0.48925669883455664 -0.8721349124252247 -0.009929394895145039 -0.38024031541153147 -0.8071741149917439 -0.4515387920069935 -0.3096174053398325 0.0 0.0 0.0 1.0]
Frame:95, T_inverse:[-0.9435099591229205 0.28777394276162566 0.1642405091168725 -0.006152052469775007 -0.0026304118387928148 0.4891590263784714 -0.8721906051801821 -0.009927156781107198 -0.33133348949045366 -0.8233526319665498 -0.46076939881331164 -0.3092612979918511 0.0 0.0 0.0 1.0]
Frame:96, T_inverse:[-0.9595554942561169 0.2444523875065624 0.13962815715192642 -0.004835961518002713 -0.0023278234711313415 0.48907453867505407 -0.8722388634944669 -0.009925324184204928 -0.28150946483366246 -0.8372867051135995 -0.468725084379882 -0.3089734516753656 0.0 0.0 0.0 1.0]
Frame:97, T_inverse:[-0.9729745458877506 0.20045111414104347 0.11462935576779765 -0.0035100735756803166 -0.002021953895323926 0.48900435921794544 -0.8722789973361444 -0.009923931303567458 -0.23090355877542132 -0.8489370233552137 -0.47538350356891507 -0.30875485586062973 0.0 0.0 0.0 1.0]
Frame:98, T_inverse:[-0.9837266683027939 0.1558993467730327 0.08931564044261878 -0.002174933350930321 -0.0017123522911286753 0.4889473674918117 -0.8723116083898795 -0.009923137749883938 -0.17966345883451965 -0.8582691114303473 -0.48072363060263085 -0.3086060808222459 0.0 0.0 0.0 1.0]
Frame:99, T_inverse:[-0.991780908329273 0.11092807057725147 0.06375943121805225 -0.0008312667739646792 -0.0013978168390172607 0.4889051875856806 -0.8723357384375366 -0.009922569562802484 -0.12793884113830023 -0.8652552106384329 -0.4847317084624149 -0.30852740967160963 0.0 0.0 0.0 1.0]
Frame:100, T_inverse:[-0.9971173632930537 0.06565402521112478 0.03803020332835927 0.0005151288682098491 -0.0010820984853207012 0.48887707289120635 -0.8723520064540153 -0.009922486357067177 -0.07586551954164213 -0.8698785655911692 -0.4873967123556314 -0.30851935476309134 0.0 0.0 0.0 1.0]
Frame:101, T_inverse:[-0.9997218078148825 0.020192271125066302 0.01219348583771117 0.0018575165900418507 -0.0007660633893743587 0.48886327135473606 -0.8723600892851658 -0.009922998277791658 -0.023575879096812143 -0.8721267266235948 -0.48871186315699083 -0.3085816676529881 0.0 0.0 0.0 1.0]
Frame:102, T_inverse:[-0.9995859303398918 -0.025315130934094245 -0.013672489088304245 0.0031980393513721364 -0.00044850331014896857 0.48886381400515 -0.8723599768044819 -0.009923957901980796 0.028767892994043538 -0.8719927133595102 -0.4886727035379498 -0.30871407402096207 0.0 0.0 0.0 1.0]
Frame:103, T_inverse:[-0.9967102627076951 -0.0707661422069451 -0.03950730960297722 0.0045254518004350965 -0.00013222982324788058 0.48887880971744097 -0.872351694179116 -0.009925166314653943 0.0810472455905001 -0.8694766410533914 -0.4872798727785598 -0.30891604859566474 0.0 0.0 0.0 1.0]
Frame:104, T_inverse:[-0.9911037206065187 -0.11601159801735146 -0.065226964622099 0.0058446309451145985 0.0001823630438729966 0.4889083605394316 -0.8723351066108356 -0.009926794176791086 0.13309099739080088 -0.8645865718626093 -0.48453767987066976 -0.3091872709252458 0.0 0.0 0.0 1.0]
Frame:105, T_inverse:[-0.9827781462477728 -0.1609553792811375 -0.09077785155404856 0.007141693734442878 0.0004954966973812166 0.4889522632800694 -0.8723104394995322 -0.009928882249553116 0.1847890814307088 -0.8573325509003583 -0.4804519104775796 -0.3095271628008949 0.0 0.0 0.0 1.0]
Frame:106, T_inverse:[-0.9717596981076172 -0.2054492919416025 -0.1160757497585805 0.008422339804097808 0.0008061246927631377 0.48901069993259044 -0.872277409036706 -0.009931237796968613 0.23597105388388012 -0.8477376512202973 -0.47503524506845585 -0.3099347690213069 0.0 0.0 0.0 1.0]
Frame:107, T_inverse:[-0.9580767490705603 -0.24938286137070745 -0.14105709056945978 0.009678885340384446 0.0011128960591908744 0.4890829938510243 -0.8722365367395736 -0.009934139711710149 0.28650946658068843 -0.8358265134854915 -0.46830149301920493 -0.3104088857994926 0.0 0.0 0.0 1.0]
Frame:108, T_inverse:[-0.9417724227862965 -0.29262070900558984 -0.16564392967293765 0.010913745177515682 0.0014139718696999468 0.4891689827551973 -0.8721878901671963 -0.009937346339882898 0.3362481179690593 -0.8216367126472314 -0.4602721650065867 -0.3109482028181773 0.0 0.0 0.0 1.0]
Frame:109, T_inverse:[-0.922883386816795 -0.3350657434114909 -0.18978214742229596 0.012115259124528504 0.0017097403067334207 0.48926847079908753 -0.8721315671365152 -0.009941048620344305 0.38507581887789977 -0.8052001791778509 -0.4509648825565028 -0.31155131713853956 0.0 0.0 0.0 1.0]
Frame:110, T_inverse:[-0.9014646241187844 -0.3765922392341814 -0.2134001219859636 0.013283772382289259 0.0019988565002395466 0.4893818385277097 -0.8720672868151785 -0.009944880355756401 0.43284792056000304 -0.7865644681305143 -0.4404076195271107 -0.3122165906089317 0.0 0.0 0.0 1.0]
Frame:111, T_inverse:[-0.8775733320319259 -0.41708975639707174 -0.23643438321369956 0.014414885777600634 0.0022808835264171113 0.4895068483272776 -0.8719964644164795 -0.00994951208421871 0.47943703014374445 -0.765780133442699 -0.42862684855624705 -0.3129423011898726 0.0 0.0 0.0 1.0]
Frame:112, T_inverse:[-0.8512746771360242 -0.45644552143429773 -0.2588219465214463 0.015505416062669943 0.0025548977416915025 0.4896455936281023 -0.8719177697925039 -0.009954181594439454 0.5247139855003284 -0.7429028520442404 -0.4156567241900518 -0.31372623366664404 0.0 0.0 0.0 1.0]
Frame:113, T_inverse:[-0.8226496575142905 -0.49454007323137217 -0.28049525519260665 0.01655759272532907 0.0028210655380008346 0.4897966074509061 -0.8718321552068046 -0.009959306134028557 0.5685415826669343 -0.7180037743132401 -0.40153586495944055 -0.3145655871373366 0.0 0.0 0.0 1.0]
Frame:114, T_inverse:[-0.7917631039424542 -0.5312883031113568 -0.3014031989478704 0.017560872282473224 0.0030765171766927663 0.4899588400928078 -0.871740125476223 -0.00996471459483465 0.610820502344512 -0.6911389494149232 -0.38629678154677943 -0.3154589711717281 0.0 0.0 0.0 1.0]
Frame:115, T_inverse:[-0.7587106943957413 -0.5665749564792782 -0.32148238137737684 0.01851802281289741 0.0033221473691983977 0.490132613158149 -0.8716415232113998 -0.009970466909157321 0.6514192416258912 -0.6623917642542122 -0.36998657703462945 -0.3164036055099334 0.0 0.0 0.0 1.0]
Frame:116, T_inverse:[-0.723583395455243 -0.6003044050882836 -0.34067838446627885 0.019427058918075772 0.003557189355879384 0.4903175196248645 -0.8715366211756169 -0.009976474462806622 0.6902278514242722 -0.6318412704418128 -0.35265022522201994 -0.31739700881738486 0.0 0.0 0.0 1.0]
Frame:117, T_inverse:[-0.6864594473038789 -0.6324000186995126 -0.35894769296907575 0.020275844399910616 0.0037812519897316996 0.4905132153455343 -0.8714255085792749 -0.009982809312102917 0.7271581184976332 -0.5995556454315787 -0.3343261051059454 -0.3184367710369229 0.0 0.0 0.0 1.0]
Frame:118, T_inverse:[-0.6474579002927553 -0.6627586196348226 -0.3762303784507242 0.021070750193320827 0.0039925871535873535 0.4907184953848887 -0.8713090150841859 -0.009989330705690441 0.7620907202502337 -0.565638022012183 -0.31507342795852433 -0.319519789553298 0.0 0.0 0.0 1.0]
Frame:119, T_inverse:[-0.6066971937229831 -0.6912896456788854 -0.39247557231201113 0.021814518480179335 0.004191605112319095 0.4909327756786253 -0.8711873660064829 -0.009996236660008654 0.7949219032432433 -0.5301920603292066 -0.29494992635594175 -0.32064254320026175 0.0 0.0 0.0 1.0]
Frame:120, T_inverse:[-0.5643410657128802 -0.7178873855191485 -0.40762324366690866 0.0225241654440304 0.004377030845269776 0.49115571790559487 -0.8710607367761217 -0.010003216523944152 0.8255300144112075 -0.4933596056059169 -0.27403710289877664 -0.3218007518106472 0.0 0.0 0.0 1.0]
Frame:121, T_inverse:[-0.5177834949459516 -0.7439291525671577 -0.422456674813963 0.022164169130069144 0.004557775558195321 0.4914001471912906 -0.8709219755092228 -0.010011622143342645 0.8554995164127266 -0.45287451991865535 -0.2510482013274312 -0.32319884723223585 0.0 0.0 0.0 1.0]
