Frame:1, T_inverse:[-0.9136868400623264 -0.4056309737603504 0.025288973868442394 0.028339141520617818 0.02887793797789905 -0.00272915705911854 0.9995791273730562 -0.01641330927125702 -0.4053912709570699 0.9140327976579347 0.01420753590251205 -0.31588637552767085 0.0 0.0 0.0 1.0]
Frame:2, T_inverse:[-0.9336481843153251 -0.3572340298209132 0.02617009453529498 0.02891464578401937 0.029037247744404037 -0.0026638001646806402 0.999574780861042 -0.016418163949334534 -0.3570124094874521 0.9340111161357267 0.012860180934912844 -0.3173858195573609 0.0 0.0 0.0 1.0]
Frame:3, T_inverse:[-0.9510442281317385 -0.3078740660728055 0.026978697587031072 0.02941665304484498 0.029199200052431862 -0.002606886849349652 0.9995700540852807 -0.016423125645673838 -0.3076714122614889 0.9514234016946236 0.011469216346629119 -0.3189129061863421 0.0 0.0 0.0 1.0]
Frame:4, T_inverse:[-0.965839861305145 -0.2576531761539941 0.027714227576310965 0.029832134026982 0.029364474242527874 -0.002558434670497017 0.9995654510565789 -0.01642817894548115 -0.2574703290396274 0.9662340615920771 0.01003694611139418 -0.3204647504826359 0.0 0.0 0.0 1.0]
Frame:5, T_inverse:[-0.9779836500220989 -0.2067433824681581 0.028372983316690872 0.03017156188026298 0.02953142327152236 -0.0025187012039052936 0.9995606439787023 -0.01643331192622489 -0.20658110438695748 0.9783919097208046 0.008568741767837154 -0.3220356402269622 0.0 0.0 0.0 1.0]
Frame:6, T_inverse:[-0.9874538534468045 -0.15523042440683504 0.028954782036340082 0.030416478494308015 0.02970069487291064 -0.0024875610514669194 0.9995557166411826 -0.01643857661950285 -0.1550894250350172 0.9878751529823361 0.007066831971973541 -0.32362336957776694 0.0 0.0 0.0 1.0]
Frame:7, T_inverse:[-0.9942107614501152 -0.10332844567722843 0.029456694678020603 0.03058982622349903 0.029871117736582065 -0.0024651751586021444 0.9995506166933549 -0.016443917846872238 -0.10320940500304361 0.9946441220985119 0.005537676578811686 -0.325220961056774 0.0 0.0 0.0 1.0]
Frame:8, T_inverse:[-0.9982442277775839 -0.05113985177646666 0.029877107867573652 0.030678229961345175 0.030041670202519667 -0.0024519438554763016 0.999545525321864 -0.01644923208315525 -0.05104335737303105 0.9986883431340382 0.003984246751014931 -0.32682488949051314 0.0 0.0 0.0 1.0]
Frame:9, T_inverse:[-0.9995426166525605 0.0012052797652800464 0.030217012761881903 0.03067728175483163 0.030213995699704937 -0.0024483227347735217 0.9995404607558587 -0.016454309207555855 0.0012787073878953255 0.999996248414143 0.0024108180013021857 -0.32843170057145976 0.0 0.0 0.0 1.0]
Frame:10, T_inverse:[-0.9981017034081356 0.053519442269444294 0.030472796813351927 0.030601148264180547 0.030385041183954017 -0.0024528049062317475 0.999535254418568 -0.01645963523625419 0.05356931429160757 0.9985637640377829 0.0008219661927367991 -0.3300355098823066 0.0 0.0 0.0 1.0]
Frame:11, T_inverse:[-0.9939241898762236 0.10571466892800797 0.030645760754986172 0.030432080600379382 0.03055622801665228 -0.002466896191346022 0.9995299931635571 -0.016464799705349285 0.1057405839476875 0.9943934820584183 -0.0007783667025702384 -0.3316339363362328 0.0 0.0 0.0 1.0]
Frame:12, T_inverse:[-0.9870242638391596 0.15760219276039078 0.03073448899846823 0.03018552554025407 0.030726253732962776 -0.002489326260371155 0.9995247025394125 -0.016470076865536695 0.1576037955839765 0.9874995558722593 -0.0023854773867881757 -0.3332208255445433 0.0 0.0 0.0 1.0]
Frame:13, T_inverse:[-0.9774160259069943 0.20907638981791313 0.030739258508793832 0.029849817635800555 0.030895134175280538 -0.0025209910414626803 0.9995194370099468 -0.016475210483293017 0.20905341376233122 0.9778960261007339 -0.003995321636356743 -0.3347931506810176 0.0 0.0 0.0 1.0]
Frame:14, T_inverse:[-0.9651295603013502 0.2599701704229503 0.03066090481377104 0.02943474606328593 0.031063157138808292 -0.002561864779240118 0.9995140589506516 -0.01648031475878148 0.2599223993742197 0.965613179886618 -0.005602786316313117 -0.3363458563378901 0.0 0.0 0.0 1.0]
Frame:15, T_inverse:[-0.9502005812739409 0.3101431431611744 0.030496753374400214 0.028941942041778846 0.031227160042940474 -0.0026107553725777566 0.999508889890975 -0.01648536190837077 0.3100704501119266 0.9506862964192965 -0.007204138131003462 -0.3378744554540547 0.0 0.0 0.0 1.0]
Frame:16, T_inverse:[-0.9326728736241306 0.3594527517111656 0.03024968774549018 0.028374749038973246 0.03138886972994962 -0.002668293095717646 0.9995037006597881 -0.016490288156084457 0.3593550714743659 0.9331594717010311 -0.00879416202459571 -0.33937482188730383 0.0 0.0 0.0 1.0]
Frame:17, T_inverse:[-0.9125686396017181 0.4078273966880142 0.029919515158894346 0.027711368883673034 0.03154761804122871 -0.0027343259041844883 0.9994984736783967 -0.01649511701234325 0.40770470041060336 0.9130549347206098 -0.01037068466592248 -0.3408446567801527 0.0 0.0 0.0 1.0]
Frame:18, T_inverse:[-0.8899814406092472 0.4550408542174335 0.02950822318901861 0.026988192844748862 0.0317029442542684 -0.0028090405246158925 0.9994933559706732 -0.01649977000858134 0.45489318785310207 0.8904660988916907 -0.011926091935959051 -0.3422764729933637 0.0 0.0 0.0 1.0]
Frame:19, T_inverse:[-0.8649494456977457 0.5010193773107106 0.02901552138115435 0.026186502755247348 0.031853895345806 -0.0028913795889005268 0.9994882945729733 -0.01650441341126729 0.5008469169719109 0.8654311979493164 -0.013458422585496803 -0.3436686897264598 0.0 0.0 0.0 1.0]
Frame:20, T_inverse:[-0.8375437771271703 0.5456287849216613 0.02844319929412343 0.025311267351966996 0.0320003794228238 -0.0029813072887731845 0.9994832367139695 -0.01650887722318432 0.5454317103868025 0.8380215129487669 -0.01496305510416991 -0.34501707823961086 0.0 0.0 0.0 1.0]
Frame:21, T_inverse:[-0.8078461595575341 0.5887376381324452 0.027792806406085037 0.02436885989570097 0.03214159597962842 -0.0030791653553580494 0.9994785268559385 -0.01651309098458595 0.5885162129570756 0.8083183091278162 -0.016435399543864554 -0.3463180015228397 0.0 0.0 0.0 1.0]
Frame:22, T_inverse:[-0.7759386789197281 0.6302273326904352 0.0270663470196752 0.02336215084445993 0.03227749562748842 -0.003184147823469292 0.9994738780457969 -0.016517119205791277 0.6299819341922532 0.7764040699126644 -0.017871428016655987 -0.34756758936978377 0.0 0.0 0.0 1.0]
Frame:23, T_inverse:[-0.7418897018637723 0.6700072339190578 0.026264853258073925 0.02228332090722941 0.03240751597410186 -0.003295610999446447 0.999469270795534 -0.016521091195613735 0.6697382102576027 0.7423472179295993 -0.019268226150965812 -0.3487632893826789 0.0 0.0 0.0 1.0]
Frame:24, T_inverse:[-0.7058181554014599 0.7079376482417357 0.0253918242139409 0.021149445105857118 0.03253145538535122 -0.0034139801753895645 0.9994647750979225 -0.016524762549231214 0.7076454876222068 0.7062665994855273 -0.020620463964606525 -0.349900811362387 0.0 0.0 0.0 1.0]
Frame:25, T_inverse:[-0.6678165813751421 0.7439240767327068 0.02445019566103433 0.01995958337568651 0.03264972823244173 -0.00353926189028914 0.999460541010356 -0.01652824226625462 0.743609360568552 0.6682546747682385 -0.021925269982475886 -0.35097729531683924 0.0 0.0 0.0 1.0]
Frame:26, T_inverse:[-0.6279815315922126 0.7778750025864206 0.023440610245109177 0.018713206553687863 0.0327609995514053 -0.0036696224146879303 0.9994564317667726 -0.01653169934389378 0.7775382238786278 0.6284082302184185 -0.023179390604881164 -0.35199009034020995 0.0 0.0 0.0 1.0]
Frame:27, T_inverse:[-0.5864096640917088 0.8097057469290855 0.02236751803609392 0.017408517844106915 0.03286569755777392 -0.003806929293106738 0.9994525225733836 -0.016534793672060996 0.8093475713088017 0.5868237508939674 -0.02437908945765802 -0.35293662082620225 0.0 0.0 0.0 1.0]
Frame:28, T_inverse:[-0.5432582471368864 0.8392968718773528 0.021231801514442573 0.016068399735478456 0.03296188252221808 -0.003947554674122727 0.9994486746393686 -0.01653763711979372 0.8389180745791125 0.5436588049995928 -0.025520067876508182 -0.35381258367344853 0.0 0.0 0.0 1.0]
Frame:29, T_inverse:[-0.4985963541060466 0.8666024265376855 0.020039179944586528 0.014675173796229818 0.03305158356156139 -0.00409477736804229 0.9994451417168759 -0.016540256672289054 0.8662037002000563 0.4989822068824784 -0.026600745715418345 -0.35461749929842973 0.0 0.0 0.0 1.0]
Frame:30, T_inverse:[-0.45257340200318613 0.891528924281044 0.01879178477531334 0.013244391617382174 0.033133341240891755 -0.0042465585378979355 0.9994417983031528 -0.016542605990420373 0.8911112068901135 0.4529435856606757 -0.027617299849964867 -0.3553484230845051 0.0 0.0 0.0 1.0]
Frame:31, T_inverse:[-0.4053041883501258 0.914014370558798 0.017492700075609574 0.011775358108073234 0.033207518337742006 -0.004402184940815016 0.9994386862979058 -0.016544908520659547 0.9135784138874021 0.40565767071505426 -0.028567816543747005 -0.3560036482233895 0.0 0.0 0.0 1.0]
Frame:32, T_inverse:[-0.356939636728855 0.9339879179275784 0.01614512242620827 0.010279842579115931 0.03327322384726604 -0.004560512990820776 0.9994358749309343 -0.016546974959539038 0.9335346650331255 0.3572754863420334 -0.02944893339578901 -0.3565811071557698 0.0 0.0 0.0 1.0]
Frame:33, T_inverse:[-0.30757674651483274 0.9514087205179772 0.01475368812453148 0.008748546680272739 0.033330012224743875 -0.004723151854237606 0.9994330858583625 -0.01654846476736936 0.9509391592733691 0.3078943027749509 -0.030257550354602716 -0.3570794225329311 0.0 0.0 0.0 1.0]
Frame:34, T_inverse:[-0.2573859631091138 0.9662167490840627 0.013321750942538266 0.0071989957261580344 0.03337838871570625 -0.004888117439117135 0.9994307720422437 -0.016549823596287427 0.9657319339641629 0.2576841741213584 -0.03099255352648116 -0.3574971605322367 0.0 0.0 0.0 1.0]
Frame:35, T_inverse:[-0.20649510347782926 0.9783757333776407 0.011853426468564653 0.005631755043518928 0.03341819322265989 -0.0050552167765339625 0.9994285948913837 -0.016550999249348615 0.9778766998984186 0.20677330287324303 -0.03165160763033218 -0.357833169361328 0.0 0.0 0.0 1.0]
Frame:36, T_inverse:[-0.15502108352115063 0.987856850815167 0.010351945025890352 0.004042789649897234 0.033448889254592454 -0.00522411344281383 0.9994267112873382 -0.016551757774319747 0.9873446677926323 0.15527853704020908 -0.03223281139666113 -0.3580866773317597 0.0 0.0 0.0 1.0]
Frame:37, T_inverse:[-0.10312628687442602 0.9946290696797975 0.008822787749810572 0.0024442884553788694 0.03347048883225561 -0.005394944526127165 0.9994250594615777 -0.016552163493375432 0.9941048969081296 0.1033623655164075 -0.032734298764815206 -0.358256708977917 0.0 0.0 0.0 1.0]
Frame:38, T_inverse:[-0.05093176409360012 0.9986756594671392 0.007268883695975555 0.0008328605322412121 0.03348424065482777 -0.005566626895495327 0.9994237446831967 -0.01655267706771387 0.998140610423773 0.05114583533452343 -0.03315634813345598 -0.3583423870724629 0.0 0.0 0.0 1.0]
Frame:39, T_inverse:[0.0013679788018489548 0.9999829194114073 0.005695101993303828 -0.0007682134608583469 0.03348804537211355 -0.005737794386254872 0.9994227432531753 -0.016552562651698344 0.999438254544269 -0.001176540181765508 -0.03349539048180872 -0.3583439666151242 0.0 0.0 0.0 1.0]
Frame:40, T_inverse:[0.053689948628464206 0.9985492631559961 0.004105546443190985 -0.002376674082345346 0.033482887543793874 -0.0059094896822274885 0.9994218633451233 -0.016552208957026297 0.9979961744277519 -0.05352148897541125 -0.0337516357861136 -0.3582615978650037 0.0 0.0 0.0 1.0]
Frame:41, T_inverse:[0.10584105963052139 0.994379875741434 0.0025051454674841784 -0.0039700912384826445 0.03346901594772086 -0.006080214490504621 0.9994212236904403 -0.016551654709224085 0.9938195905948078 -0.10569591105370643 -0.0339244115698274 -0.35809546227803907 0.0 0.0 0.0 1.0]
Frame:42, T_inverse:[0.15771902313476885 0.9874835197240706 0.0008977528501377331 -0.005558755170556547 0.033446167315591704 -0.006250442472387582 0.9994208338802907 -0.016550799025042306 0.9869173744256448 -0.15759754938763051 -0.03401325697523417 -0.35784580634717933 0.0 0.0 0.0 1.0]
Frame:43, T_inverse:[0.2091672658019574 0.9778795960445219 -0.0007113727560634958 -0.0071331035387739725 0.03341474015551689 -0.006420315027541975 0.9994209588188517 -0.016549871419782976 0.9773088124730723 -0.20906990462688346 -0.034018504914146035 -0.357513599265113 0.0 0.0 0.0 1.0]
Frame:44, T_inverse:[0.2600262824627436 0.965598646015915 -0.0023188279615153204 -0.008682078911208566 0.03337470959669485 -0.006587298850518035 0.9994210463704774 -0.016548654350686046 0.9650244940659278 -0.25995304747115533 -0.03393935298181993 -0.35709961826192677 0.0 0.0 0.0 1.0]
Frame:45, T_inverse:[0.3101853848457355 0.950667974635605 -0.003920894493213068 -0.01021196873100645 0.033325542134982664 -0.006751504152712365 0.9994217164408322 -0.01654698477312698 0.9500917732157775 -0.31013665284462105 -0.033775724259175785 -0.3566050468865465 0.0 0.0 0.0 1.0]
Frame:46, T_inverse:[0.3594856135132556 0.9331343297005017 -0.005511657714693014 -0.011710536802025382 0.0332680869946249 -0.006913167848544976 0.9994225591991293 -0.016545176437040735 0.932557428449835 -0.3594613712878944 -0.03352877087877958 -0.35603134532951164 0.0 0.0 0.0 1.0]
Frame:47, T_inverse:[0.4078060340909783 0.9130410559864972 -0.007086940211384949 -0.0131792024705714 0.033202018457488755 -0.007072044522531688 0.9994235988347406 -0.016543065189806472 0.9124646549374025 -0.407806223765319 -0.03319879116271128 -0.35537978893025696 0.0 0.0 0.0 1.0]
Frame:48, T_inverse:[0.4550108880836942 0.8904439359058283 -0.008642960295154685 -0.01461263664456393 0.03312735424077231 -0.0072271063219625006 0.9994250223749678 -0.016540570859385862 0.8898694825662168 -0.4550355930603675 -0.03278647096721818 -0.35465172782411775 0.0 0.0 0.0 1.0]
Frame:49, T_inverse:[0.500968674413847 0.8654055630871519 -0.010175450485400143 -0.016006094240271294 0.0330448761132189 -0.007377829918576161 0.9994266125940084 -0.0165378565271926 0.864834346121717 -0.5010176997357627 -0.032293272635589496 -0.35384966211831553 0.0 0.0 0.0 1.0]
Frame:50, T_inverse:[0.5455426308870899 0.8380016709703723 -0.011679336405358324 -0.017351160408325045 0.03295477861308611 -0.007524468282101192 0.9994284695481254 -0.01653504050663825 0.8374348865435616 -0.5456156840518438 -0.03172105044734177 -0.3529762140324129 0.0 0.0 0.0 1.0]
Frame:51, T_inverse:[0.5886299360832828 0.8082956574545135 -0.013152537345758561 -0.018652404983047297 0.03285741770186855 -0.0076652784406678505 0.9994306530134225 -0.01653188625883039 0.8077346220651425 -0.5887269491810921 -0.031070519646506325 -0.35203318241646553 0.0 0.0 0.0 1.0]
Frame:52, T_inverse:[0.6301121204515057 0.7763671147725417 -0.01458814010016213 -0.01990643746398831 0.032751871748884935 -0.007802312646915692 0.9994330177638415 -0.016528578809301 0.7758131288155069 -0.6302326456999238 -0.030343797253007794 -0.35102328827320256 0.0 0.0 0.0 1.0]
Frame:53, T_inverse:[0.6698582525955353 0.7423168769336259 -0.015984067373876584 -0.021101960202111594 0.03263958036723604 -0.007932888035247646 0.9994355103683997 -0.01652496757950834 0.741771185820205 -0.6700018018489271 -0.029542768498460343 -0.34994960151937565 0.0 0.0 0.0 1.0]
Frame:54, T_inverse:[0.7077616345853192 0.7062385307093962 -0.017337009422713816 -0.022236222654931758 0.03252144394125938 -0.008056936284133875 0.9994384837097807 -0.016521283191761618 0.7057023510690121 -0.7079280823038384 -0.028670274012857055 -0.3488152099641316 0.0 0.0 0.0 1.0]
Frame:55, T_inverse:[0.7437291425459629 0.6682211255584445 -0.018641808207385903 -0.023311606171688353 0.03239633438333256 -0.008174980859350445 0.9994416522662226 -0.016517320418093596 0.6676956284501028 -0.7439177909041383 -0.02772788430638991 -0.34762269739533297 0.0 0.0 0.0 1.0]
Frame:56, T_inverse:[0.7776543787859911 0.6283771239061327 -0.019895502174259325 -0.024321219245956285 0.032265663523303505 -0.008286421682357813 0.9994448754042782 -0.01651330585993759 0.6278634846302191 -0.777864568591845 -0.02671895219060656 -0.34637575787447483 0.0 0.0 0.0 1.0]
Frame:57, T_inverse:[0.8094647765946977 0.586789426450017 -0.021094124665016596 -0.025273363899813963 0.03212799830168361 -0.008391399519279965 0.9994485344138953 -0.016508973398187483 0.586288840982656 -0.80969609384726 -0.025644909439823727 -0.3450769213323164 0.0 0.0 0.0 1.0]
Frame:58, T_inverse:[0.8390369418290753 0.5436198289703762 -0.022236635388302072 -0.026144857975282734 0.031987054512113595 -0.008487207811534454 0.9994521444465264 -0.016504422506413912 0.5431333301772568 -0.8392885738787011 -0.02450986339631102 -0.34373051953708306 0.0 0.0 0.0 1.0]
Frame:59, T_inverse:[0.8663234683435078 0.4989388324723882 -0.02331682196169687 -0.026953316818737767 0.03183981557570441 -0.008577068228271274 0.9994561972365745 -0.01649985915628307 0.49846751254712257 -0.8665947104530234 -0.02331663506213053 -0.34233965250204196 0.0 0.0 0.0 1.0]
Frame:60, T_inverse:[0.8912313029923564 0.45289582156390645 -0.024334015204646578 -0.027685608073402285 0.03168907864272297 -0.008658559210095718 0.9994603198157342 -0.016495199480082837 0.4524406848833682 -0.8915214036904183 -0.02206863261774592 -0.340908805907962 0.0 0.0 0.0 1.0]
Frame:61, T_inverse:[0.9136899525284773 0.40562470305413 -0.025283354469254688 -0.02833677387223806 0.031533441094211655 -0.00873212205008519 0.9994645341229697 -0.01649029832856742 0.4051867419279464 -0.9139979927032402 -0.0207691950747578 -0.33944199160941474 0.0 0.0 0.0 1.0]
Frame:62, T_inverse:[0.9336484571564523 0.35723381937543675 -0.026163620797570154 -0.028913684070984224 0.03137435205241453 -0.008797771251528343 0.9994689261538956 -0.016485424361311448 0.356813947002692 -0.9339734828005799 -0.01942200120923842 -0.33794287998920386 0.0 0.0 0.0 1.0]
Frame:63, T_inverse:[0.9510508409324948 0.3078551479820202 -0.026972823224137472 -0.02941419535016511 0.031212262245095747 -0.008854214201221417 0.9994735489178345 -0.016480246181671848 0.3074542382805836 -0.9513920283117855 -0.018029661432014232 -0.3364153515799474 0.0 0.0 0.0 1.0]
Frame:64, T_inverse:[0.9658426519670885 0.25764379336650983 -0.027707292981269897 -0.0298304303543915 0.031047040558843535 -0.008902651447342627 0.9994782714952647 -0.016475125979234197 0.25726270097100623 -0.9661989281552946 -0.016597636396180542 -0.33486427772157507 0.0 0.0 0.0 1.0]
Frame:65, T_inverse:[0.9779868980077606 0.20672932350019596 -0.028366227387014754 -0.030163693235203792 0.03087997352841879 -0.008942373559023935 0.9994831449569597 -0.01646999373811052 0.20636880146970726 -0.978357362490845 -0.015129320833127185 -0.3332935941301816 0.0 0.0 0.0 1.0]
Frame:66, T_inverse:[0.9874537506410918 0.15523248858698713 -0.02894742858223071 -0.030419794669156276 0.03071092745032868 -0.008973556921342905 0.9994878777399852 -0.016464876010642306 0.1548932404103114 -0.9878370395755953 -0.013628304387600982 -0.33170691263107827 0.0 0.0 0.0 1.0]
Frame:67, T_inverse:[0.9942115445346444 0.1033253711560215 -0.029449296175179197 -0.030587377642339493 0.030540641153110427 -0.008995695151539442 0.9994929677498798 -0.01645969195104131 0.10300807245854213 -0.9946068274651183 -0.012099246423793007 -0.33010986221362315 0.0 0.0 0.0 1.0]
Frame:68, T_inverse:[0.9982460937554635 0.05111266651584057 -0.0298705729166121 -0.03067833193552861 0.030369315908105692 -0.009008749493251875 0.9994980472352953 -0.01645443389962998 0.05081791627438018 -0.9986521225409852 -0.010545205697849535 -0.3285048456084907 0.0 0.0 0.0 1.0]
Frame:69, T_inverse:[0.9995428700232795 -0.0012052927522714866 -0.030209862563139896 -0.030673725591698946 0.03019779942580522 -0.009012541717477165 0.9995031864736165 -0.016449082573866396 -0.001476965065587794 -0.9999585660453392 -0.008972024275876778 -0.3268986198143654 0.0 0.0 0.0 1.0]
Frame:70, T_inverse:[0.9980995752731051 -0.053563424344719994 -0.030466479074416672 -0.03059936282055874 0.030026092968129598 -0.009007347137215913 0.9995083208390872 -0.0164437372079698 -0.05381152960600473 -0.998523637011158 -0.007381927978311306 -0.3252932912668752 0.0 0.0 0.0 1.0]
Frame:71, T_inverse:[0.993921819581362 -0.10573829618090036 -0.03063939151274241 -0.030429139799249067 0.02985501890023224 -0.008993322384904036 0.9995137566289497 -0.016438463508137168 -0.10596243625941498 -0.9943532930500086 -0.005781840714064401 -0.32369568373881563 0.0 0.0 0.0 1.0]
Frame:72, T_inverse:[0.9870201657790184 -0.15762894930048643 -0.03072906849917743 -0.030177313138761177 0.029685493399428848 -0.008971026183814275 0.9995189505856202 -0.016433424348635622 -0.15782880791581694 -0.9874575695039652 -0.004175289603613459 -0.32210870686937154 0.0 0.0 0.0 1.0]
Frame:73, T_inverse:[0.9774099442591556 -0.2091059602391871 -0.030733379828735734 -0.029848834696128514 0.02951634520773316 -0.008938955047491998 0.9995242991390192 -0.01642816815262626 -0.20928122418048864 -0.977852096958004 -0.002564979390227677 -0.3205365384513043 0.0 0.0 0.0 1.0]
Frame:74, T_inverse:[0.9651213123334772 -0.26000227773903734 -0.030653716447350633 -0.029436076656514248 0.029349372305587516 -0.008898326623583743 0.9995295528392557 -0.01642304089342131 -0.2601527325011058 -0.9655669496046896 -0.0009570599323106711 -0.3189841395380778 0.0 0.0 0.0 1.0]
Frame:75, T_inverse:[0.9501910516210458 -0.3101729860555598 -0.030490326450576682 -0.028938382715738654 0.02918501677384652 -0.00884926496445476 0.9995348636232884 -0.0164180666400056 -0.3102985116998315 -0.9506389494794445 0.0006439104216440698 -0.3174561402609289 0.0 0.0 0.0 1.0]
Frame:76, T_inverse:[0.9326531647404575 -0.35950444256513525 -0.03024313052216014 -0.02836486442603125 0.029023284090512896 -0.00879133554601608 0.9995399387781861 -0.01641308440334792 -0.3596049835935536 -0.9331018304078612 0.0022347411154640673 -0.3159556523380525 0.0 0.0 0.0 1.0]
Frame:77, T_inverse:[0.9125543169896535 -0.4078601321204657 -0.02991268326465461 -0.027717068082456216 0.028864375016387327 -0.008725430557648614 0.9995452312650375 -0.016408377931446453 -0.4079356692968513 -0.9130026525289477 0.00381020328134865 -0.3144870711565513 0.0 0.0 0.0 1.0]
Frame:78, T_inverse:[0.8899622456901959 -0.4550789601482489 -0.02950073197898407 -0.026986823487975417 0.028709583670015804 -0.008651178369213666 0.9995502512648551 -0.01640371066722658 -0.4551295711725197 -0.8904089063215843 0.0053659191361557 -0.31305469607934316 0.0 0.0 0.0 1.0]
Frame:79, T_inverse:[0.8649301191264583 -0.5010533056769376 -0.029007446588399828 -0.026183548606489738 0.02855872997260517 -0.008568355165690593 0.9995553146478104 -0.016399037446753133 -0.5010790440414613 -0.8653739051938488 0.0068984293066285465 -0.311662268813923 0.0 0.0 0.0 1.0]
Frame:80, T_inverse:[0.8375222775710431 -0.5456627323824115 -0.02843519227527125 -0.025311447075807576 0.02841267926246216 -0.00847851564046737 0.9995602840614666 -0.016394679485885053 -0.5456638828525386 -0.8379619307847045 0.008402803665501325 -0.31031364752127294 0.0 0.0 0.0 1.0]
Frame:81, T_inverse:[0.8078205199514087 -0.5887732902229293 -0.027785345344421234 -0.0243689265861424 0.028272065726976155 -0.008381002650924072 0.999565135568973 -0.01639035375381846 -0.5887501348857059 -0.8082547449646786 0.009875490890667605 -0.30901270425576977 0.0 0.0 0.0 1.0]
Frame:82, T_inverse:[0.7759080970226055 -0.6302653753983036 -0.027058195887033086 -0.023357845137506286 0.02813536345787826 -0.008275962049770815 0.9995697706714793 -0.01638634463007631 -0.6302181852435064 -0.7763355820051446 0.011311377589425945 -0.3077629519320137 0.0 0.0 0.0 1.0]
Frame:83, T_inverse:[0.7418617027450531 -0.6700386808525949 -0.026256674353428235 -0.022286357382805034 0.028004828255959378 -0.008163387293790585 0.9995744249711384 -0.016382312294151716 -0.6699679130436805 -0.7422812607512502 0.01270821611944461 -0.306567624275649 0.0 0.0 0.0 1.0]
Frame:84, T_inverse:[0.705786973039353 -0.7079691634976305 -0.025384508535461106 -0.021151131219718802 0.02788096910991889 -0.008045251275211083 0.9995788548129728 -0.01637862552407131 -0.7078752614711166 -0.7061975148057674 0.014060635610725932 -0.30543039501080044 0.0 0.0 0.0 1.0]
Frame:85, T_inverse:[0.6678514571876243 -0.7438931183257704 -0.02444359142762473 -0.01992777038735547 0.027763201822448985 -0.007920097771370413 0.9995831777736118 -0.016375021023886722 -0.7437765955151853 -0.6682516908551911 0.01536340648141773 -0.3043561088377048 0.0 0.0 0.0 1.0]
Frame:86, T_inverse:[0.6256400346170853 -0.779761642682335 -0.02337415659430532 -0.0196094219437002 0.027645978708010808 -0.007781975597926421 0.9995874943965017 -0.0163720212794921 -0.7796218835704153 -0.6260281802398717 0.01668855646394944 -0.30341817022636536 0.0 0.0 0.0 1.0]
Frame:87, T_inverse:[0.5863391759574824 -0.8097569255306077 -0.02236258492209802 -0.01743201662966287 0.027550595415534593 -0.007655927726210855 0.9995910718998382 -0.016368605326722456 -0.809597025356083 -0.5867155197338721 0.017820318297160406 -0.3023953783537586 0.0 0.0 0.0 1.0]
Frame:88, T_inverse:[0.543221746630138 -0.8393208467548334 -0.02122913210062985 -0.016066973468336625 0.027453847785258577 -0.0075144069459684715 0.9995948479852051 -0.016365686446403342 -0.8391402989629605 -0.5435844387309766 0.01896060101444915 -0.30151957338623986 0.0 0.0 0.0 1.0]
Frame:89, T_inverse:[0.4985701653134431 -0.8666177856193514 -0.020036337201959107 -0.014674905477126245 0.027364445360943578 -0.007367939981634444 0.9995983551849711 -0.016363008550523854 -0.8664173093495401 -0.49891818851941927 0.020041081994690114 -0.30071432226446543 0.0 0.0 0.0 1.0]
Frame:90, T_inverse:[0.4525396576046899 -0.8915463176508609 -0.01878811225213109 -0.013246950007297054 0.027282081236227187 -0.00721706676298627 0.9996016601157908 -0.016360809305561844 -0.8913268034790381 -0.4528719254092503 0.021057266713504125 -0.2999829470308166 0.0 0.0 0.0 1.0]
Frame:91, T_inverse:[0.40528987339996697 -0.9140208933780428 -0.017488925421974985 -0.011775564380984687 0.027208515070356168 -0.007061821395485103 0.999604789551182 -0.016358602842683586 -0.9137832263437676 -0.40560555997819375 0.02200708392227274 -0.2993277744340712 0.0 0.0 0.0 1.0]
Frame:92, T_inverse:[0.3569101925790791 -0.933999224435833 -0.0161417826311679 -0.010278253774479062 0.027143265349603683 -0.006903337294624434 0.9996076903376028 -0.01635667793054802 -0.9337442322165344 -0.3572082811610576 0.02288793892585646 -0.29875009258409296 0.0 0.0 0.0 1.0]
Frame:93, T_inverse:[0.3075490967401075 -0.9514178677132061 -0.014749379909875392 -0.008753691428216486 0.027085533178568013 -0.006740966802216795 0.9996103565340776 -0.016355152507072288 -0.9511466154124851 -0.30782874308676134 0.023696502475111902 -0.2982516262781085 0.0 0.0 0.0 1.0]
Frame:94, T_inverse:[0.2573599101730879 -0.966223845125767 -0.013317793677658297 -0.007200413288884964 0.02703691485120382 -0.00657654632422105 0.9996127960138003 -0.01635384211010594 -0.9659372951973757 -0.25762034312882254 0.02443117455177098 -0.29783408790340493 0.0 0.0 0.0 1.0]
Frame:95, T_inverse:[0.20645669703939026 -0.9783840168929637 -0.01184917737727768 -0.005629874088871921 0.026997611570351358 -0.006409336882776887 0.9996149476132923 -0.01635256155200617 -0.9780832206838078 -0.20669711874465865 0.02509076791776864 -0.2974982490188076 0.0 0.0 0.0 1.0]
Frame:96, T_inverse:[0.15498759209254429 -0.9878622048712655 -0.010348520363320197 -0.004044094914772758 0.026965980289750807 -0.006240875571254822 0.9996168183058817 -0.0163519117496367 -0.987548290644114 -0.15520722896993877 0.025671449403830617 -0.29724509918749087 0.0 0.0 0.0 1.0]
Frame:97, T_inverse:[0.1030984999653475 -0.9946320457523296 -0.008818941055500788 -0.0024457853168810472 0.026943891239578015 -0.00607029075123012 0.9996185025854634 -0.016351314738517066 -0.9943061594409295 -0.10329678270407018 0.026173417514540928 -0.29707552355447453 0.0 0.0 0.0 1.0]
Frame:98, T_inverse:[0.05092429738120238 -0.9986760600296115 -0.007265191914131769 -0.0008415530489678596 0.026930314754991014 -0.005898814912274472 0.9996199159106056 -0.016351117583504222 -0.9983393618381298 -0.051100575067533106 0.026594285401809217 -0.2969891492670534 0.0 0.0 0.0 1.0]
Frame:99, T_inverse:[-0.0013893790714283425 -0.9999827219194846 -0.005691634728107882 0.0007650009300089212 0.026925905377399095 -0.005726902609206799 0.9996209583867539 -0.016351104447688832 -0.9996363996550873 0.0012356865844206355 0.026933487685796734 -0.2969868099586119 0.0 0.0 0.0 1.0]
Frame:100, T_inverse:[-0.053698202975977744 -0.9985487599039234 -0.004102274966384699 0.002369828997320134 0.026930799724517045 -0.00555487495631021 0.9996218030412588 -0.016351366361045377 -0.9981939302295052 0.05356747081476056 0.027190054028213836 -0.2970688543521905 0.0 0.0 0.0 1.0]
Frame:101, T_inverse:[-0.10585722413092825 -0.9943782416213385 -0.002501712908728818 0.0039688836185212935 0.026944677146908468 -0.005383366506892224 0.9996224582043504 -0.016351836795990726 -0.9940162640404031 0.1057497962130697 0.027363015111943414 -0.29723469139231823 0.0 0.0 0.0 1.0]
Frame:102, T_inverse:[-0.1577266322467368 -0.9874823858175384 -0.0008947444910032692 0.005556966802947941 0.026967259407154744 -0.005213093706034723 0.9996226851909752 -0.01635266918143668 -0.9871144869341956 0.1576430173305178 0.027451966077785786 -0.29748392886962793 0.0 0.0 0.0 1.0]
Frame:103, T_inverse:[-0.20917567189271882 -0.977877773877047 0.0007147687887566816 0.0071263609484143635 0.026998564909132716 -0.00504452226322367 0.9996227251049766 -0.01635385610834784 -0.9775052702431319 0.20911607659508655 0.027456512219855504 -0.29781615941671913 0.0 0.0 0.0 1.0]
Frame:104, T_inverse:[-0.2600307254725534 -0.9655974403521077 0.002322370263183413 0.008682452037824126 0.027038530364877977 -0.004877054505320294 0.9996224032760793 -0.016355283134125032 -0.9652216148960991 0.25999542322634045 0.027376636223701078 -0.29822996980879396 0.0 0.0 0.0 1.0]
Frame:105, T_inverse:[-0.3101860065182472 -0.9506676725765557 0.003923929694926595 0.010210731276911552 0.027087837764312093 -0.004712221182544665 0.9996218517529648 -0.016356851446622637 -0.9502897833553532 0.31017511477828463 0.027213291921947186 -0.2987246797269932 0.0 0.0 0.0 1.0]
Frame:106, T_inverse:[-0.3595022042644799 -0.9331276251724911 0.005514815802869964 0.011707510656751964 0.02714532471277096 -0.004550183529656671 0.999620945457774 -0.016358797274063915 -0.9327490520376893 0.3595158884624798 0.026966126700822143 -0.29929895018842656 0.0 0.0 0.0 1.0]
Frame:107, T_inverse:[-0.4078157286034262 -0.9130366005064569 0.007090607792979692 0.01317762666138674 0.02721148631829628 -0.004391139422130668 0.9996199656767895 -0.016360912962540886 -0.9126585283230569 0.407853818115072 0.026636001862657705 -0.29995085180855624 0.0 0.0 0.0 1.0]
Frame:108, T_inverse:[-0.4550196553427771 -0.8904392915247394 0.008647101346947189 0.014608964409002131 0.0272861647083506 -0.004235972525938885 0.9996186053523902 -0.016363214035559563 -0.890063125332511 0.45508216405307916 0.026224229880304817 -0.3006782725487824 0.0 0.0 0.0 1.0]
Frame:109, T_inverse:[-0.5009603191391994 -0.8654103453072038 0.010177869792165409 0.016005809936147045 0.027367700195749408 -0.004086078138761646 0.9996170656248139 -0.016365833983295632 -0.8650374142358358 0.5010470323780072 0.025731300764600586 -0.3014793572641613 0.0 0.0 0.0 1.0]
Frame:110, T_inverse:[-0.5455455884250847 -0.8379996434536985 0.011683331335115494 0.017352928563069168 0.02745786833996475 -0.0039387380492548075 0.9996151508259645 -0.016368779287669173 -0.8376311614358052 0.5456565327742946 0.025158489591351654 -0.3023526174707201 0.0 0.0 0.0 1.0]
Frame:111, T_inverse:[-0.5886305633840783 -0.8082948818065941 0.01315558794457982 0.018654014482143627 0.02755527179839998 -0.003797219566970884 0.9996129088418289 -0.01637192182780934 -0.8079321517380909 0.5887654116814048 0.024508162897640868 -0.30329527839367476 0.0 0.0 0.0 1.0]
Frame:112, T_inverse:[-0.6301047946072116 -0.7763730134094857 0.014592304689531509 0.019903016898887512 0.027660357755717582 -0.0036610026588643407 0.9996106877905608 -0.016375196022724144 -0.7760173068816536 0.6302631103053721 0.02378156190750585 -0.3043048968285454 0.0 0.0 0.0 1.0]
Frame:113, T_inverse:[-0.6698458090582826 -0.7423279775025824 0.01598831709071833 0.021099814103358965 0.02777185684017632 -0.0035304815862573277 0.9996080050955267 -0.016378796781522546 -0.7419805513874893 0.6700273356978557 0.022980792371200306 -0.30537836143232 0.0 0.0 0.0 1.0]
Frame:114, T_inverse:[-0.7077609638746347 -0.706238983805878 0.01734149186564915 0.022234583170048623 0.02789076708240436 -0.0034058076781054015 0.9996051097787788 -0.016382434707591403 -0.7059010742930479 0.7079652105088431 0.022108138416232208 -0.3065132869416986 0.0 0.0 0.0 1.0]
Frame:115, T_inverse:[-0.7437279963674293 -0.6682220125956674 0.01864615980927656 0.023311860901585296 0.028015337586273 -0.0032878242102575813 0.999601971804505 -0.016386348166710477 -0.6678948375599734 0.7439545565964929 0.02116586686550789 -0.30770608849214903 0.0 0.0 0.0 1.0]
Frame:116, T_inverse:[-0.7776596622570525 -0.6283703239941816 0.01990095547498722 0.02432391551915323 0.02814705462740611 -0.003176220257731764 0.999598691999779 -0.016390362796665853 -0.6280549999016605 0.7779078180451581 0.02015684658192239 -0.3089537751564508 0.0 0.0 0.0 1.0]
Frame:117, T_inverse:[-0.8094563223049392 -0.5868007468200698 0.021100637407479073 0.02527106032509133 0.028283888108702974 -0.0030716804756043214 0.9995951972462466 -0.016394623662236867 -0.5864984305716521 0.8097255061679842 0.019083436882904644 -0.3102526207320475 0.0 0.0 0.0 1.0]
Frame:118, T_inverse:[-0.839032026566544 -0.543627175239978 0.02224218988459536 0.026150442699753487 0.028425818128216852 -0.002974597609703767 0.9995914880537375 -0.01639901689247817 -0.5433389340421387 0.8393215069961449 0.01794882148230295 -0.3115984799428407 0.0 0.0 0.0 1.0]
Frame:119, T_inverse:[-0.8663191670917375 -0.49894601071379513 0.02332280324535795 0.026951720017229376 0.028572234849705523 -0.00288505212843982 0.9995875380152764 -0.016403645367271825 -0.498672949961943 0.8666282293055336 0.016755402046330248 -0.31298904536889127 0.0 0.0 0.0 1.0]
Frame:120, T_inverse:[-0.8912258131528294 -0.45290611129839004 0.024339678899280712 0.02768225045356476 0.02872339989768276 -0.00280294548441362 0.9995833928505133 -0.016408423812237914 -0.45264922916147676 0.8915537768977438 0.015507164599746213 -0.3144196185253463 0.0 0.0 0.0 1.0]
Frame:121, T_inverse:[-0.9136868203690471 -0.40563099365851774 0.02528892917436182 0.028339116219311098 0.028877893517692797 -0.00272915754140093 0.9995791297955636 -0.016413318206345135 -0.40539129162642806 0.9140327755516653 0.01420753472340646 -0.3158863861512688 0.0 0.0 0.0 1.0]
