Frame:1, T_inverse:[0.30342131078282336 -0.9528564729525237 -3.624592103374918e-05 0.025449149567459677 -0.4764452738628161 -0.15168306632799353 -0.8660207845730921 -0.030415410051871265 0.8251880447217491 0.2627863976545816 -0.5000078402877556 -0.3808476415036893 0.0 0.0 0.0 1.0]
Frame:2, T_inverse:[0.35021032744192493 -0.9366709855756264 -0.0003954895870547289 0.026941727321471168 -0.46845529423831084 -0.17478429501487208 -0.8660254481913647 -0.02982747558419313 0.8111117899697378 0.3034763258810242 -0.499999772363801 -0.3818827395771604 0.0 0.0 0.0 1.0]
Frame:3, T_inverse:[0.39868573487980175 -0.917087230898413 -0.0007608687108050376 0.02748972969469304 -0.4587823905510587 -0.1987280662779188 -0.8660402464158674 -0.029124277616260536 0.7940833415979898 0.3456269367440032 -0.49997351800035345 -0.3831205160601424 0.0 0.0 0.0 1.0]
Frame:4, T_inverse:[0.44614940130221215 -0.8949576820424817 -0.001140344824390415 0.027931277256417555 -0.44785719609496005 -0.22215959289096046 -0.8660650797334907 -0.02840782788672608 0.7748383264944388 0.38690505409192116 -0.49992957389101755 -0.38438262186271255 0.0 0.0 0.0 1.0]
Frame:5, T_inverse:[0.4923659534278008 -0.8703869454359778 -0.001528170350571715 0.02830238013168184 -0.4357318866731893 -0.24496687064544645 -0.866099781072976 -0.027681412292050275 0.7534676090537108 0.42710390832426137 -0.49986868704762455 -0.38566310108173346 0.0 0.0 0.0 1.0]
Frame:6, T_inverse:[0.5372474068005337 -0.8434225094058463 -0.0019021898427127502 0.02859266202294582 -0.42242145087539523 -0.2671226096539504 -0.8661440942861682 -0.026945919183400783 0.730017338406442 0.4661371932224811 -0.49979071769495087 -0.38695881840363533 0.0 0.0 0.0 1.0]
Frame:7, T_inverse:[0.5806463986146927 -0.81415270712226 -0.0022632762695803258 0.02881012230935694 -0.40796879403958297 -0.2885517062148606 -0.8661982192051466 -0.02620406007064766 0.704564558948397 0.5038782236587233 -0.49969540040669913 -0.3882656697520814 0.0 0.0 0.0 1.0]
Frame:8, T_inverse:[0.6224642906176892 -0.7826437567966925 -0.0026308894727626094 0.028941648119751872 -0.3924180671449784 -0.3091919911242371 -0.8662611088408214 -0.02545732094504931 0.6771604451066894 0.5402490379882138 -0.4995845079788318 -0.38958103804900296 0.0 0.0 0.0 1.0]
Frame:9, T_inverse:[0.6625718266675793 -0.7489924551514345 -0.0029851810431208593 0.02899679049758477 -0.37580597119175 -0.32899162833514106 -0.866333823917414 -0.024708432369051517 0.6478953783702194 0.5751302122503421 -0.49945639700687827 -0.3909005760430024 0.0 0.0 0.0 1.0]
Frame:10, T_inverse:[0.7008625163267652 -0.7132885134012567 -0.0033335300563156214 0.028972236315118464 -0.3581819944223545 -0.34789265894861426 -0.8664154155306923 -0.023959206543884882 0.6168445737573665 0.6084320066040585 -0.49931197573399605 -0.3922206975730747 0.0 0.0 0.0 1.0]
Frame:11, T_inverse:[0.7372309803833078 -0.6756308885240129 -0.0036627641980939165 0.02887102505831006 -0.33958757118689525 -0.3658516496251911 -0.8665061401738838 -0.023211179252509012 0.584098247291647 0.640058954054915 -0.4991530038034898 -0.3935381371934087 0.0 0.0 0.0 1.0]
Frame:12, T_inverse:[0.7715836905542106 -0.6361152534527238 -0.004000510236475639 0.028684040771194148 -0.3200879096805392 -0.3828044444732992 -0.8666051108401632 -0.022467194165536695 0.5497293195171813 0.6699388741515142 -0.4989784832788658 -0.3948494319194971 0.0 0.0 0.0 1.0]
Frame:13, T_inverse:[0.8038122004905977 -0.5948675567467542 -0.004302775653945569 0.028428681817267785 -0.29971699858134865 -0.39872217168077817 -0.8667123385982842 -0.021728703374572812 0.5138634241954401 0.6979635320513328 -0.4987896674806961 -0.39614933921707685 0.0 0.0 0.0 1.0]
Frame:14, T_inverse:[0.8338502100293049 -0.5519714702519714 -0.004614886266488607 0.028083399948923237 -0.27854685693077347 -0.4135465099907634 -0.8668277543852416 -0.0209984900123116 0.47655579747788407 0.7240899340204386 -0.4985857537709329 -0.3974364503913967 0.0 0.0 0.0 1.0]
Frame:15, T_inverse:[0.8615893881388372 -0.507582164787048 -0.004906552679354951 0.027670776399823474 -0.2566345562505623 -0.4272408416562548 -0.866950920736876 -0.02027789400018933 0.43795255473229766 0.748214900510623 -0.4983692808684911 -0.3987059494060203 0.0 0.0 0.0 1.0]
Frame:16, T_inverse:[0.8869708937967263 -0.46179621557553124 -0.0051826817231372755 0.02718050877298478 -0.23403096550742064 -0.43977164041325817 -0.8670815949075823 -0.019569005487735998 0.39813577925704086 0.7702890570175097 -0.49813926292620564 -0.39995486678902925 0.0 0.0 0.0 1.0]
Frame:17, T_inverse:[0.9099226550189933 -0.41474216734238 -0.005448167314727894 0.026614041585555786 -0.21080450051340419 -0.45110161817660405 -0.8672185039294151 -0.018873607865925162 0.35721448891863516 0.7902502383125758 -0.49789706091258684 -0.40117969397040626 0.0 0.0 0.0 1.0]
Frame:18, T_inverse:[0.9303801872495334 -0.36655171871220443 -0.005702427489068514 0.02597403680598122 -0.18702009528230293 -0.4611998415612125 -0.8673623842624575 -0.018193710552192408 0.3153032753682911 0.8080431998862997 -0.4976437270037306 -0.4023773604246422 0.0 0.0 0.0 1.0]
Frame:19, T_inverse:[0.9482870492432119 -0.3173586910837288 -0.005930166383302197 0.025265935795464628 -0.16273168000848853 -0.4700417568028695 -0.8675132015066459 -0.017531411822134305 0.27252543040364074 0.8236165009255432 -0.4973788271522431 -0.40354425908965946 0.0 0.0 0.0 1.0]
Frame:20, T_inverse:[0.9635968217072479 -0.2672889212721689 -0.006148018334417129 0.024484749118112832 -0.13801583591092859 -0.47759997196597664 -0.8676692516118777 -0.01688808723808939 0.22898209285257892 0.8369318614614827 -0.4971039156841587 -0.4046774866602803 0.0 0.0 0.0 1.0]
Frame:21, T_inverse:[0.9762628421039795 -0.2164961058923681 -0.006350217655576233 0.023639571941372298 -0.11294405236879285 -0.4838522674830465 -0.8678308600114341 -0.01626619475439189 0.18480945482819533 0.8479482093127111 -0.49681892718860465 -0.4057734061773966 0.0 0.0 0.0 1.0]
Frame:22, T_inverse:[0.9862526959791554 -0.16511533192419234 -0.006524389544733523 0.022733784281683576 -0.08757310855929662 -0.48878562714379237 -0.8679970573957856 -0.01566652585222946 0.14013062860948997 0.8566358103966739 -0.49652579850125256 -0.4068292322227386 0.0 0.0 0.0 1.0]
Frame:23, T_inverse:[0.9935420120252462 -0.1132674705772344 -0.006693579340952612 0.021757759559016474 -0.06198254329947681 -0.49238393974903866 -0.8681681018697132 -0.015091654885039755 0.09503940316201512 0.8629763272759041 -0.4962247302615736 -0.4078421053635314 0.0 0.0 0.0 1.0]
Frame:24, T_inverse:[0.9981078273383037 -0.06110588688818543 -0.00684620849824587 0.02072058103271655 -0.03623873566533155 -0.49463782390824224 -0.8683428956666234 -0.014542684287548612 0.04967447973671875 0.8669479369992417 -0.49591626582478915 -0.4088094016288396 0.0 0.0 0.0 1.0]
Frame:25, T_inverse:[0.9999369478539332 -0.008802936470222972 -0.006968399719066971 0.019638137896447604 -0.010415081444305571 -0.4955411237049078 -0.8685219987749513 -0.014021369324690018 0.004192415343475354 0.8685398489975075 -0.4956015861375279 -0.40972798827862594 0.0 0.0 0.0 1.0]
Frame:26, T_inverse:[0.9990261110833153 0.043552034619191826 -0.00707815767520655 0.01849080454334686 0.015428495220335976 -0.4950924217575504 -0.8687032036160016 -0.01352821639102209 -0.04133813902302509 0.8677479317609255 -0.4952821997212515 -0.4105961368060257 0.0 0.0 0.0 1.0]
Frame:27, T_inverse:[0.9953765347336291 0.09578116230437435 -0.007174335980146761 0.017293736001339145 0.04120482879453185 -0.49329130689707057 -0.8688876862287889 -0.013065980856457295 -0.08676210881772457 0.8645748255788249 -0.4949572454617246 -0.41141109131889897 0.0 0.0 0.0 1.0]
Frame:28, T_inverse:[0.9890015233018324 0.1477280925123422 -0.007235205758742317 0.01605975155140849 0.0668553743163096 -0.4901436436832639 -0.8690738377620262 -0.012634863960055491 -0.13193291020883008 0.8590316676249077 -0.4946292274384586 -0.4121703082095254 0.0 0.0 0.0 1.0]
Frame:29, T_inverse:[0.9799130173086571 0.19929200419779233 -0.007289363511949206 0.014771109717050292 0.09230545960949935 -0.4856576294927678 -0.8692619203451395 -0.012236600122208946 -0.1767770853987578 0.8511281987024539 -0.494297988107221 -0.41287243022014 0.0 0.0 0.0 1.0]
Frame:30, T_inverse:[0.968140625253117 0.2503002141256965 -0.0073144441865183926 0.01344738161178878 0.11748891282607979 -0.47984517367859647 -0.8694509284126786 -0.011871890171380878 -0.22113354881463365 0.8408914658943801 -0.4939651043210489 -0.4135149245557818 0.0 0.0 0.0 1.0]
Frame:31, T_inverse:[0.9537145411062579 0.3006240428596413 -0.0073335772497367495 0.01208325438423093 0.14232296544190687 -0.47272648483387253 -0.8696396589348981 -0.011541761998266975 -0.26490142426083735 0.8283442487249868 -0.49363179565365706 -0.4140962943134504 0.0 0.0 0.0 1.0]
Frame:32, T_inverse:[0.9366708134691174 0.35013445443652075 -0.0073235281966966825 0.010684108131601614 0.16676294956199786 -0.46431370594866617 -0.8698292441987265 -0.011247191038732578 -0.3079575959868324 0.8135224218465738 -0.4932985658923998 -0.4146151811204133 0.0 0.0 0.0 1.0]
Frame:33, T_inverse:[0.9170647751232385 0.3986716173195484 -0.00728847742476898 0.009261889789108472 0.19072659084924556 -0.45463376502154335 -0.8700176483181407 -0.010989421891140877 -0.350165026563187 0.7964724103389412 -0.4929658506710406 -0.415068919982003 0.0 0.0 0.0 1.0]
Frame:34, T_inverse:[0.8949443096833806 0.4461191439957048 -0.007238637011079429 0.0078121864369737675 0.2141476148413491 -0.4437139843904961 -0.8702061617079208 -0.010769245801685035 -0.39142750550123223 0.777235927028785 -0.4926346315690401 -0.4154575434092474 0.0 0.0 0.0 1.0]
Frame:35, T_inverse:[0.8703646765146669 0.4923555251825456 -0.0071666754721972405 0.006336649582955901 0.23697307230242823 -0.43157994221726675 -0.8703920921996084 -0.010586157777765956 -0.43163535777357137 0.7558602109488293 -0.4923069232665438 -0.41577961725669454 0.0 0.0 0.0 1.0]
Frame:36, T_inverse:[0.8434079054165599 0.5372271925390577 -0.007072303355439262 0.004850538797971728 0.2591263654921305 -0.418270383542019 -0.8705765413942181 -0.010441764219995693 -0.47065552533876925 0.7324184866189587 -0.491982290816129 -0.416034313169426 0.0 0.0 0.0 1.0]
Frame:37, T_inverse:[0.814134617371435 0.5806343733901167 -0.00696714809465666 0.003345948873664983 0.28055040083526345 -0.403821158886247 -0.8707581917312083 -0.010336023316809141 -0.5084056367873356 0.7069597341845226 -0.4916619821204225 -0.4162208154629577 0.0 0.0 0.0 1.0]
Frame:38, T_inverse:[0.7826326577765291 0.62244613866238 -0.0068463317919851595 0.0018332406093357326 0.3011848360174937 -0.3882741149841889 -0.8709366652702797 -0.010269084784119158 -0.5447694464593038 0.6795614254743387 -0.49134732227593214 -0.41633884287529904 0.0 0.0 0.0 1.0]
Frame:39, T_inverse:[0.748990677862974 0.662546781021355 -0.00669088833481874 0.00032142060026914363 0.32098548378740105 -0.3716621685266093 -0.8711115687824239 -0.010241116671632359 -0.5796389492791507 0.6503067289738073 -0.4910393483842771 -0.4163879202060258 0.0 0.0 0.0 1.0]
Frame:40, T_inverse:[0.7132830653578409 0.7008456580067299 -0.006529483008165328 -0.0012008180196485235 0.3398885215416613 -0.35403765791394437 -0.8712824765430731 -0.010252359408493995 -0.612946224881579 0.6192517323412626 -0.49073845148767137 -0.41636802125296163 0.0 0.0 0.0 1.0]
Frame:41, T_inverse:[0.6756206237465513 0.7372221701432755 -0.00634607671382716 -0.0027184073474849873 0.35784508489565336 -0.3354453202046694 -0.8714488664251157 -0.010302886376168057 -0.6445802117247434 0.586497890608539 -0.49044508872865994 -0.41627900129663803 0.0 0.0 0.0 1.0]
Frame:42, T_inverse:[0.6361146027667973 0.7715701299826353 -0.006146840555223181 -0.004224829376390563 0.3747993285538333 -0.31594405447098184 -0.8716105060471419 -0.010392483593649172 -0.6744506732237004 0.5521403476102541 -0.4901605761342518 -0.4161213528949706 0.0 0.0 0.0 1.0]
Frame:43, T_inverse:[0.5948730012383018 0.8037978244670346 -0.005931783422353928 -0.005716495826399716 0.39070700299663863 -0.29558694826925275 -0.8717662288581759 -0.010520874019272415 -0.7024771999469496 0.5162725860439071 -0.4898861264947787 -0.41589472818414625 0.0 0.0 0.0 1.0]
Frame:44, T_inverse:[0.5519811360887071 0.8338371245005212 -0.005696007602818631 -0.007200274211588423 0.40553637849880764 -0.2744119287760721 -0.8719163860148952 -0.010687895742831745 -0.728599320194322 0.4789714794291183 -0.48962148247558357 -0.4156004305990799 0.0 0.0 0.0 1.0]
Frame:45, T_inverse:[0.5075988348295908 0.8615762759981225 -0.0054465091868300935 -0.008655212606897113 0.4192292398018748 -0.25250217679718634 -0.8720604146442045 -0.010892963344899484 -0.7527218582684584 0.44037349585367513 -0.4893677649736541 -0.41523933651168526 0.0 0.0 0.0 1.0]
Frame:46, T_inverse:[0.4618051105797205 0.8869662519594581 -0.005180673724925653 -0.010094369446275111 0.43176301678283974 -0.22989470862902991 -0.8721977588395576 -0.01113543976467044 -0.7748009966219206 0.4005485249027992 -0.4891257669097852 -0.414812176734388 0.0 0.0 0.0 1.0]
Frame:47, T_inverse:[0.4147543680563031 0.9099202067575696 -0.004902941925929087 -0.011503015157064606 0.44309301399273676 -0.20666835228686112 -0.8723283073067041 -0.011414802693932068 -0.7947624716132536 0.35962950286591133 -0.4888958833567525 -0.4143202774404374 0.0 0.0 0.0 1.0]
Frame:48, T_inverse:[0.3665602358543159 0.9303828383739889 -0.004617354249762963 -0.012883826461623546 0.4531923256261787 -0.18288239277675897 -0.8724509789593734 -0.011729676664223952 -0.8125578471690202 0.3177132398964346 -0.48867976921993234 -0.41376486985149297 0.0 0.0 0.0 1.0]
Frame:49, T_inverse:[0.3173573932013998 0.9482961856214597 -0.004304942726003624 -0.01422765076582348 0.462036745053735 -0.15858657162535209 -0.8725664505675563 -0.012080326861416055 -0.8281342118997944 0.27492632764239555 -0.4884763020817401 -0.4131476432090146 0.0 0.0 0.0 1.0]
Frame:50, T_inverse:[0.26730335151610535 0.9636041537863201 -0.0039934475016716155 -0.015528399655622284 0.46959198510039263 -0.13388123425949247 -0.8726736222617051 -0.01246462970086444 -0.8414465823059526 0.23139331039035452 -0.4882876769499066 -0.4124703936144346 0.0 0.0 0.0 1.0]
Frame:51, T_inverse:[0.21650643824823146 0.9762743032258114 -0.003652305622297063 -0.01678639648637052 0.4758487584228185 -0.10879302942369472 -0.8727725167053517 -0.012882507559016574 -0.8524627813140592 0.18722288113243357 -0.48811326307256825 -0.4117346828766639 0.0 0.0 0.0 1.0]
Frame:52, T_inverse:[0.1651207077945159 0.9862678158067427 -0.003318433643589047 -0.018000416325088923 0.48078056362618776 -0.08342907034538502 -0.8728629382968307 -0.013332016573216273 -0.8611534694870466 0.14253232799353582 -0.4879542671010727 -0.4109428212451498 0.0 0.0 0.0 1.0]
Frame:53, T_inverse:[0.11325931036181842 0.9935610128588495 -0.002980686167855472 -0.019174357369756284 0.4843791440651752 -0.057834831196636655 -0.8729444629490973 -0.013812734968297326 -0.8674959649296649 0.0974253094887869 -0.48781055634811415 -0.4100956592242768 0.0 0.0 0.0 1.0]
Frame:54, T_inverse:[0.06111311408354636 0.998127393665926 -0.002623724061767733 -0.02028438963979104 0.4866336320057282 -0.03209037651471875 -0.8730165890495337 -0.014322594647196244 -0.8714659705691645 0.052075991242647945 -0.48768352745075055 -0.409197136795669 0.0 0.0 0.0 1.0]
Frame:55, T_inverse:[0.008799675726911644 0.9999587081491826 -0.002258930601231246 -0.021338651994654997 0.4875369091294653 -0.006262602613384121 -0.8730798631615253 -0.01486082619083769 -0.8730579690665755 0.006581478564291478 -0.4875718688246305 -0.40824933536704716 0.0 0.0 0.0 1.0]
Frame:56, T_inverse:[-0.04355335393578636 0.9990493100338353 -0.0018933757727651935 -0.022341019790780067 0.48708789422743753 0.019579772903108392 -0.8731334236886813 -0.015425401614257817 -0.8722663061334673 -0.038950141179072896 -0.4874775572407752 -0.4072543337414283 0.0 0.0 0.0 1.0]
Frame:57, T_inverse:[-0.09577401060488672 0.9954019779266491 -0.0015168321133473442 -0.02327627363934357 0.4852866200487623 0.04536195122534265 -0.8731776456282934 -0.01601516547273713 -0.8690939533443525 -0.08436382425393059 -0.4873997326264386 -0.4062155917007204 0.0 0.0 0.0 1.0]
Frame:58, T_inverse:[-0.1477339025331999 0.9890263939409206 -0.0011492336348548776 -0.02415123128049939 0.4821401432957384 0.07100417374188897 -0.8732120078337482 -0.01662801415197485 -0.8635481941036645 -0.12955716090849212 -0.4873390417965312 -0.40513542417114035 0.0 0.0 0.0 1.0]
Frame:59, T_inverse:[-0.199295039287476 0.979939070604075 -0.0007631894325226061 -0.024958916021261476 0.4776531316680937 0.09646281168605327 -0.8732365943795608 -0.017262966118575963 -0.8556451401998293 -0.17439642133365663 -0.48729543145269943 -0.40401702655087357 0.0 0.0 0.0 1.0]
Frame:60, T_inverse:[-0.2503225248826766 0.9681623592844665 -0.00037985933893775197 -0.025703625923141946 0.47183919131038415 0.1216534912285619 -0.8732514627704787 -0.01791800017372188 -0.8454030356373433 -0.21877378124902638 -0.4872695452910011 -0.4028631985619753 0.0 0.0 0.0 1.0]
Frame:61, T_inverse:[-0.30062996927529867 0.9537408766631826 8.167594978738549e-06 -0.026364388326661013 0.4647183031092645 0.14649197176090867 -0.8732565293196134 -0.018590913127033173 -0.8328616223615685 -0.26252330074736785 -0.48726069916939485 -0.4016781837581808 0.0 0.0 0.0 1.0]
Frame:62, T_inverse:[-0.3501448437248093 0.9366954186400362 0.0003758403650397429 -0.026968543708736796 0.4563084119006031 0.1709225164439256 -0.8732513740178697 -0.019280025436973172 -0.8180348621208117 -0.3055930486384917 -0.4872695912903278 -0.40046328648255 0.0 0.0 0.0 1.0]
Frame:63, T_inverse:[-0.3986865970472405 0.9170866086167059 0.000766283354561721 -0.0274889090183157 0.4466260633389544 0.19489243662788153 -0.873236381232714 -0.019984305514956474 -0.80098290978194 -0.34780564154122345 -0.48729565923976476 -0.39922295224697196 0.0 0.0 0.0 1.0]
Frame:64, T_inverse:[-0.4461418382416236 0.8949614857776936 0.0011520758142162639 -0.027937032337022164 0.4357016598468429 0.21832312731004383 -0.8732118884687453 -0.020701280918475923 -0.7817425682670661 -0.38907442561834754 -0.4873392470349225 -0.39796055787498075 0.0 0.0 0.0 1.0]
Frame:65, T_inverse:[-0.49235855280803537 0.8703910786059459 0.001531379645514599 -0.02830375021166746 0.4235714749740786 0.24114013629592598 -0.8731772914355175 -0.02142833910262804 -0.7603750168168253 -0.4292677042780184 -0.48740024386066566 -0.3966797770287915 0.0 0.0 0.0 1.0]
Frame:66, T_inverse:[-0.5372476695937002 0.8434223245760762 0.0018951794461513096 -0.0286035042123793 0.4102622890622882 0.26329306276644365 -0.8731331925421839 -0.022164106418616547 -0.736919049903342 -0.46831130409292177 -0.48747796689812906 -0.39538321854863145 0.0 0.0 0.0 1.0]
Frame:67, T_inverse:[-0.58064582932746 0.8141526731192505 0.002270360915098046 -0.028814414492320424 0.395810237077515 0.28472306207182346 -0.8730788699002452 -0.022906192193707157 -0.7114660355440626 -0.5060512556028083 -0.48757301567411343 -0.39407579485967936 0.0 0.0 0.0 1.0]
Frame:68, T_inverse:[-0.6224583141822703 0.7826485658093242 0.0026343761894820537 -0.028949554291138966 0.38025700770447535 0.3053656432210498 -0.8730157164463367 -0.023652980511663875 -0.6840689051888376 -0.5424141383475447 -0.4876849785164776 -0.392760416358619 0.0 0.0 0.0 1.0]
Frame:69, T_inverse:[-0.6625693834264215 0.7489940520373124 0.002986903518573172 -0.02900851262389525 0.3636443964504819 0.32516588171494 -0.8729430552971559 -0.024402317364149512 -0.6548005435406581 -0.5772995203253767 -0.4878122141305175 -0.3914401659385883 0.0 0.0 0.0 1.0]
Frame:70, T_inverse:[-0.7008637089235626 0.7132874108283174 0.003335014380163381 -0.028986787714329 0.34601682164363223 0.3440712023718914 -0.8728615773914218 -0.02515213294326215 -0.6237486949405004 -0.6106030634949623 -0.4879564495633118 -0.3901195474629886 0.0 0.0 0.0 1.0]
Frame:71, T_inverse:[-0.7372302648845427 0.6756314449418055 0.0036709489842279017 -0.028883328741094134 0.3274289467769839 0.36202353665334225 -0.8727709636521782 -0.02589984755665872 -0.5910004941535717 -0.6422313126041834 -0.488115954957474 -0.3888019610824588 0.0 0.0 0.0 1.0]
Frame:72, T_inverse:[-0.7715748837297134 0.6361258297063629 0.004004610835074631 -0.028698217727575 0.30792271882296407 0.3789818970273582 -0.8726719411987558 -0.02664423195325257 -0.556646838206899 -0.6720986764581832 -0.4882904838937483 -0.3874909756228455 0.0 0.0 0.0 1.0]
Frame:73, T_inverse:[-0.8038136395180888 0.594865647970265 0.00430823738651422 -0.028443106821553297 0.2875632480309911 0.39488993426707303 -0.8725647905877929 -0.027383045174248832 -0.5207601097682606 -0.7001405941237066 -0.48847942288129087 -0.38618906621544064 0.0 0.0 0.0 1.0]
Frame:74, T_inverse:[-0.8338467325729312 0.5519767764264919 0.004612151692983683 -0.02810619285853371 0.26639187942732795 0.4097163292043828 -0.8724493365287953 -0.02811411683417134 -0.4834614314859208 -0.7262604146297721 -0.48868272201226826 -0.3849009372040242 0.0 0.0 0.0 1.0]
Frame:75, T_inverse:[-0.8615896837806557 0.5075815067392392 0.004898357698336684 -0.027690972779820043 0.24448062944166413 0.42340982600701416 -0.8723263874037812 -0.028835311409938176 -0.44485078612158485 -0.7503899615379664 -0.48889936361504077 -0.38363023158527404 0.0 0.0 0.0 1.0]
Frame:76, T_inverse:[-0.8869664379339798 0.4618044439647868 0.00518260808632647 -0.027194055854019093 0.2218785840413736 0.43594030305118 -0.8721959830110846 -0.029544821957457716 -0.40504332367449547 -0.7724588126053055 -0.48912889119930125 -0.38238068223032073 0.0 0.0 0.0 1.0]
Frame:77, T_inverse:[-0.9099231512289274 0.4147409371884556 0.005444910225220411 -0.0266317117737579 0.19864754595683679 0.44727274857814586 -0.8720585832553811 -0.03024079339578192 -0.36411376361885084 -0.7924247286946919 -0.48937101812112566 -0.38115458462506113 0.0 0.0 0.0 1.0]
Frame:78, T_inverse:[-0.9303860323620791 0.3665368771253024 0.005697207310607643 -0.025996372385836842 0.17484965684543619 0.4573760324553183 -0.871914413103691 -0.030921185822359806 -0.3221945549630297 -0.8102208856798 -0.4896251061941671 -0.3799560141149536 0.0 0.0 0.0 1.0]
Frame:79, T_inverse:[-0.9482863306351135 0.31736065063393026 0.0059294063912107035 -0.02527973289175008 0.15057528102828188 0.4662125867065788 -0.8717642078012672 -0.031583723839232886 -0.2794280555066185 -0.8257892873274725 -0.4898896446219187 -0.3787888901864423 0.0 0.0 0.0 1.0]
Frame:80, T_inverse:[-0.9635962949515473 0.2672903600436129 0.006154289685398778 -0.024500004404559773 0.1258522136391682 0.4737727058539335 -0.8716080349875539 -0.03222741361180674 -0.2358881763070336 -0.8391038510020413 -0.49016468481270076 -0.3776553670368644 0.0 0.0 0.0 1.0]
Frame:81, T_inverse:[-0.9762604697374935 0.21650644564603025 0.0063592236632116295 -0.023647407692707973 0.10077925884878494 0.480025139848588 -0.8714467324356682 -0.03284983417346501 -0.19172642045845772 -0.8501180840763857 -0.49044891452309747 -0.37655928109786513 0.0 0.0 0.0 1.0]
Frame:82, T_inverse:[-0.9862538253927502 0.16510805496014838 0.006533780587837104 -0.02273973123698872 0.07541429137766827 0.48495751883259447 -0.8712800025845686 -0.033449204226276764 -0.1470239582181954 -0.8588105444238803 -0.4907426709301203 -0.37550273682622826 0.0 0.0 0.0 1.0]
Frame:83, T_inverse:[-0.9935416501326784 0.11327009548468392 0.0067027733761144855 -0.02176295289811188 0.049821703331061944 0.4885559478886599 -0.8711090157138714 -0.03402469707282427 -0.10194527296436193 -0.8651490989728094 -0.49104405230628845 -0.374489014738384 0.0 0.0 0.0 1.0]
Frame:84, T_inverse:[-0.9981074331005332 0.061108953362276286 0.00685631709589616 -0.0207298259659154 0.024067074770828274 0.4908107190811511 -0.8709337206974529 -0.03457425118668037 -0.05658700543121474 -0.8691205374593354 -0.49135249480785087 -0.3735208568400363 0.0 0.0 0.0 1.0]
Frame:85, T_inverse:[-0.9999369929376271 0.00878824404083022 0.0069751527093099355 -0.01964082242137971 -0.001752462132303324 0.49171359165129486 -0.8707552286260217 -0.03509609162966051 -0.011082186452170333 -0.8707126143840117 -0.4916671707195788 -0.37260116100940066 0.0 0.0 0.0 1.0]
Frame:86, T_inverse:[-0.9990257242282773 -0.04355723253139242 0.007086102318982433 -0.018495764336113822 -0.027593941077896873 0.49126368280613764 -0.8705736563517986 -0.035589273884327935 0.034438635039807805 -0.8699211136035954 -0.49198694720716885 -0.37173253594112576 0.0 0.0 0.0 1.0]
Frame:87, T_inverse:[-0.9953748016262833 -0.0957982939255678 0.007169065754015633 -0.017306422880589617 -0.0533764064770773 0.48946239016639786 -0.870389232988068 -0.03605191953706454 0.07987282765796547 -0.8667463374263303 -0.4923118245700109 -0.3709169744889908 0.0 0.0 0.0 1.0]
Frame:88, T_inverse:[-0.9890003253202183 -0.14773611002271939 0.007234857852698733 -0.016056637148059796 -0.07901133742166914 0.4863160852905027 -0.8702033277804505 -0.03648308226243579 0.12504203356351143 -0.8612030404024085 -0.4926395850086668 -0.3701576465104224 0.0 0.0 0.0 1.0]
Frame:89, T_inverse:[-0.9799085897419552 -0.19931416162060883 0.007286017128336301 -0.014775359006474913 -0.10447318646378084 0.4818283739929466 -0.8700153621232753 -0.036881662038157695 0.1698957641696058 -0.853296708496422 -0.4929707757999452 -0.369455395705414 0.0 0.0 0.0 1.0]
Frame:90, T_inverse:[-0.9681368884856202 -0.25031469901372794 0.007322467026831758 -0.013443044029020164 -0.1296544001838278 0.47601649156957315 -0.8698264456678388 -0.03724620697692403 0.2142447336926413 -0.8430604461446667 -0.49330352454077026 -0.3688131836824622 0.0 0.0 0.0 1.0]
Frame:91, T_inverse:[-0.9537068546760631 -0.3006484951714801 0.007333025615448634 -0.012081175643818814 -0.1545014045571074 0.46889298549595887 -0.8696371061258317 -0.037576118167337816 0.258016664298374 -0.8305117773000279 -0.49363709104529296 -0.368231993765433 0.0 0.0 0.0 1.0]
Frame:92, T_inverse:[-0.9366612371747036 -0.3501598755949073 0.007312993341004852 -0.010689018395211865 -0.1789338042615109 0.46048149481777484 -0.869447785388766 -0.03787021811701153 0.3010782503894976 -0.8156866923488557 -0.4939705026470499 -0.3677136301737869 0.0 0.0 0.0 1.0]
Frame:93, T_inverse:[-0.9170591289742801 -0.3986844150668637 0.007283896653541192 -0.00925648536377017 -0.20288815201507981 0.4508049157052822 -0.8692589946698949 -0.03812799271326932 0.3432764346601367 -0.7986398361800867 -0.49430300588916715 -0.36725954509974285 0.0 0.0 0.0 1.0]
Frame:94, T_inverse:[-0.8949341311337726 -0.44613927414504356 0.007230981796458015 -0.007806908500734779 -0.226311514515786 0.4398844161517509 -0.8690711865455035 -0.03834861006866294 0.3845460265449691 -0.7793980381213171 -0.49463396913518914 -0.36687076382868233 0.0 0.0 0.0 1.0]
Frame:95, T_inverse:[-0.870361461210865 -0.4923603027198091 0.007165987556451032 -0.006330562122818072 -0.24913167935975444 0.42775254808137103 -0.8688848758801073 -0.038531430627259285 0.42473925566584164 -0.7580295828457049 -0.49496164583839497 -0.3665487522843892 0.0 0.0 0.0 1.0]
Frame:96, T_inverse:[-0.8433998430478986 -0.5372396514721219 0.007079387716993629 -0.004839665450344979 -0.2712880702018794 0.4144416663882868 -0.8687006525104429 -0.038675798522439665 0.463766442236987 -0.7345826417233616 -0.4952867092223691 -0.3662944315476623 0.0 0.0 0.0 1.0]
Frame:97, T_inverse:[-0.8141311320912724 -0.5806392260526753 0.006969366051133695 -0.003334039952468584 -0.2927108164116336 0.3999935820272092 -0.868519178775571 -0.03878140778232697 0.5015085993400643 -0.709128486059951 -0.4956066124493422 -0.3661083592602698 0.0 0.0 0.0 1.0]
Frame:98, T_inverse:[-0.7826219515934402 -0.6224597223289716 0.006838901333635211 -0.0018241899018357217 -0.3133530948961883 0.3844401490918252 -0.868340712697687 -0.03884819640982935 0.5378780261372035 -0.6817254649285848 -0.4959209786340586 -0.36599093383487136 0.0 0.0 0.0 1.0]
Frame:99, T_inverse:[-0.7489753814528869 -0.662563931287848 0.00669531239390823 -0.0003042664784719586 -0.33315206144254983 0.36782873520811676 -0.8681657236968872 -0.03887564350949152 0.572752583004455 -0.6524653513724825 -0.49622921559550265 -0.36594254945788895 0.0 0.0 0.0 1.0]
Frame:100, T_inverse:[-0.7132776169510443 -0.7008511558146908 0.0065372276027658134 0.0012178396196972812 -0.3520564071817057 0.3502022476534596 -0.8679946502307551 -0.03886369915166631 0.6060456912534522 -0.6214226104880647 -0.49653057234395026 -0.3659634627178345 0.0 0.0 0.0 1.0]
Frame:101, T_inverse:[-0.6756155823264239 -0.737226142830037 0.006349633296438261 0.0027302652805911015 -0.37000947240616344 0.331613374689454 -0.86782786131314 -0.03881243770904875 0.6376799430034409 -0.5886678359198394 -0.4968235924412927 -0.36605336716618586 0.0 0.0 0.0 1.0]
Frame:102, T_inverse:[-0.6361122935947131 -0.7715717917038808 0.006150949757695549 0.004240694189350462 -0.386964313683831 0.31211079407275377 -0.8676666043329038 -0.038722290217333484 0.667547347779618 -0.554313740684301 -0.4971081997844323 -0.3662123203188328 0.0 0.0 0.0 1.0]
Frame:103, T_inverse:[-0.5948612396060029 -0.8038064112854859 0.0059269901265741115 0.005735856259622647 -0.40287257256484077 0.29175141658668635 -0.8675106205941043 -0.03859359179142136 0.6955814439424087 -0.5184363535983607 -0.4973830634894054 -0.366439171506481 0.0 0.0 0.0 1.0]
Frame:104, T_inverse:[-0.5519724429426458 -0.8338428638239515 0.0057028238265831995 0.007216378892569651 -0.41770400855381723 0.2705721693985555 -0.8673603914063747 -0.03842621398391845 0.7216992829925041 -0.4811410985042497 -0.4976478743761323 -0.36673390313815174 0.0 0.0 0.0 1.0]
Frame:105, T_inverse:[-0.5075781840419593 -0.861588569831161 0.005438402539731686 0.008674322423148088 -0.4313927282190962 0.24866770054711718 -0.8672166334075001 -0.03822110942566074 0.7458316013458238 -0.4425263167921848 -0.49790131661516324 -0.3670957002308833 0.0 0.0 0.0 1.0]
Frame:106, T_inverse:[-0.4617853590100249 -0.8869765757510154 0.005176247817146809 0.010109662757011502 -0.4439258757050864 0.22606041465018104 -0.8670792789537092 -0.03797825955990376 0.7679088608548924 -0.40270239799553464 -0.4981432137039145 -0.3675235365647136 0.0 0.0 0.0 1.0]
Frame:107, T_inverse:[-0.41473490516248046 -0.9099289759842316 0.004902599560915595 0.011520557207027857 -0.45525764789671935 0.20283015033507257 -0.866948869103218 -0.03769846312521558 0.7878675378292298 -0.3617859948879079 -0.49837281783919646 -0.36801614025329854 0.0 0.0 0.0 1.0]
Frame:108, T_inverse:[-0.36655024813827636 -0.9303866968493726 0.004609559368043894 0.012899415542059202 -0.4653554639723513 0.1790444700895741 -0.866825960059005 -0.03738292056546434 0.8056581067993395 -0.3198804481497297 -0.49858927680555476 -0.368572187291708 0.0 0.0 0.0 1.0]
Frame:109, T_inverse:[-0.3173433584041732 -0.9483006298715605 0.004306327169213784 0.014237772391920428 -0.47419869601420245 0.1547523350976326 -0.8667104439942301 -0.03703177444314124 0.8212358273322939 -0.27708709310746393 -0.4987924037172523 -0.3691904181070402 0.0 0.0 0.0 1.0]
Frame:110, T_inverse:[-0.26729214571846655 -0.9636072672392784 0.003993934750187421 0.015545713263332879 -0.4817550415980641 0.13004075054453468 -0.8666034017525481 -0.03664676594891985 0.8345459731978289 -0.23356040066397002 -0.4989815192149469 -0.3698686808183798 0.0 0.0 0.0 1.0]
Frame:111, T_inverse:[-0.2164817412092359 -0.9762798866802335 0.0036519426026840355 0.01679891388000748 -0.4880073307040919 0.10497013424829045 -0.8665045217672216 -0.036228606368695036 0.8455676052412089 -0.18936457441960639 -0.4991558605309873 -0.37060591952376076 0.0 0.0 0.0 1.0]
Frame:112, T_inverse:[-0.16509071933175928 -0.9862727542812393 0.003312856155257344 0.018012601935886566 -0.4929399874672659 0.07960232791209938 -0.8664141713427816 -0.0357783798326924 0.854257035582761 -0.14467003545391593 -0.49931484770915663 -0.3713991854861357 0.0 0.0 0.0 1.0]
Frame:113, T_inverse:[-0.11325324594512183 -0.9935616552136732 0.0029845741377416317 0.01918306496585594 -0.4965396497647518 0.053996755585712645 -0.866332871922467 -0.03529755739330229 0.8605939975851101 -0.09959698392700299 -0.4994580708369529 -0.3722458070557234 0.0 0.0 0.0 1.0]
Frame:114, T_inverse:[-0.061094489991226485 -0.9981285061064942 0.002618344353188129 0.020291162996711007 -0.4987927327927909 0.02825830165690724 -0.8662604401458096 -0.03478748491354268 0.8645652908501095 -0.054229810390781605 -0.4995856112390341 -0.37314486128816604 0.0 0.0 0.0 1.0]
Frame:115, T_inverse:[-0.008768706039856834 -0.9999589080252187 0.002255654469266311 0.021346035049799393 -0.4996962905224116 0.002428065754304402 -0.8661971918584886 -0.03424913115592482 0.8661561754124921 -0.008722639423504777 -0.49969701221692836 -0.3740931412914193 0.0 0.0 0.0 1.0]
Frame:116, T_inverse:[0.04355673025561881 -0.99904914051023 0.0018929433667163689 0.02235126874027761 -0.49924703894572975 -0.023407308239266823 -0.8661433886615532 -0.03368433790404934 0.8653641548345289 0.03678128700664028 -0.4997918220858058 -0.3750878860154313 0.0 0.0 0.0 1.0]
Frame:117, T_inverse:[0.09579419337972235 -0.9954000466736251 0.001519961348531476 0.023284404347975914 -0.4974452669789114 -0.049195148412539344 -0.8660993647798922 -0.033094353758945476 0.8621900903080931 0.08221121546983659 -0.4998696566467827 -0.37612732078424477 0.0 0.0 0.0 1.0]
Frame:118, T_inverse:[0.1477573627787617 -0.9890229546332657 0.0011371693956591957 0.0241560698419757 -0.4942973681629736 -0.0748424014506421 -0.8660650026460518 -0.03248130154981625 0.8566433159797593 0.12740534167845452 -0.4999299266627238 -0.3772077248223786 0.0 0.0 0.0 1.0]
Frame:119, T_inverse:[0.19931818391415723 -0.9799345303243518 0.0007648607578121342 0.02496447058945852 -0.48980944665437154 -0.10030301555282009 -0.8660404365751612 -0.03184607906603224 0.8487396902012522 0.17224300262030673 -0.4999734446455479 -0.3783265082375238 0.0 0.0 0.0 1.0]
Frame:120, T_inverse:[0.2502402042757527 -0.9681835351630744 0.00038373163745669876 0.025733411627269 -0.48400833995642095 -0.12544146810743256 -0.8660253590974697 -0.03119212075457866 0.8385197863814196 0.2165284974810688 -0.4999993257086865 -0.37947823918299844 0.0 0.0 0.0 1.0]
Frame:121, T_inverse:[0.30342131078282336 -0.9528564729525237 -3.624592103374918e-05 0.025449149567459677 -0.4764452738628161 -0.15168306632799353 -0.8660207845730921 -0.030415410051871265 0.8251880447217491 0.2627863976545816 -0.5000078402877556 -0.3808476415036893 0.0 0.0 0.0 1.0]
