Frame:1, T_inverse:[0.1400818032650596 -0.9901399073275531 -1.8856587845089308e-05 0.02555468207964358 0.4950575625107573 0.07005565462091579 -0.8660312855736915 0.048481585953125655 0.857493447861382 0.12130585955329089 0.49998981018070227 -0.38483809848758616 0.0 0.0 0.0 1.0]
Frame:2, T_inverse:[0.18886589417885974 -0.9820027944191345 -0.0004293659348803402 0.02720642126817758 0.4909311727832776 0.09479807868720008 -0.866025399459436 0.047872753652142386 0.850480039091957 0.1633518848882623 0.4999998881720182 -0.3858727410851975 0.0 0.0 0.0 1.0]
Frame:3, T_inverse:[0.23993395144583476 -0.9707887976141231 -0.0008802710403424899 0.027922636937140196 0.4852408759494686 0.12071432131908694 -0.8660076327381091 0.047140819580632355 0.8408168326880164 0.20735746143381165 0.5000298920227679 -0.38711526065153656 0.0 0.0 0.0 1.0]
Frame:4, T_inverse:[0.29041216517615326 -0.9569006638416825 -0.0013128032881060251 0.028537103566639084 0.47819663370163207 0.14631719326886364 -0.865978738152634 0.04639117733893407 0.8288477996409341 0.25086294953851623 0.500079086815858 -0.38838923926922203 0.0 0.0 0.0 1.0]
Frame:5, T_inverse:[0.3401066777214479 -0.9403852374117695 -0.0017363498983362037 0.02906799234528296 0.46982185196361936 0.17151817562095853 -0.8659381467832579 0.04562602260365815 0.8146132748706684 0.2936955181397525 0.5001480510438334 -0.38968966981343894 0.0 0.0 0.0 1.0]
Frame:6, T_inverse:[0.3888418467674354 -0.9213019627062262 -0.0021691596303902373 0.029531545204296086 0.4601403337851249 0.19624411705430977 -0.865886289527069 0.04484782365411307 0.7981684055653279 0.335694706294589 0.5002361203620671 -0.3910115333905925 0.0 0.0 0.0 1.0]
Frame:7, T_inverse:[0.43653039493131107 -0.8996858041114378 -0.0025841234483773797 0.02990482375962203 0.449178069676144 0.22042947730920456 -0.8658232191724343 0.04405847727060787 0.7795384819642417 0.3767974114389986 0.5003433063034286 -0.39235300025436665 0.0 0.0 0.0 1.0]
Frame:8, T_inverse:[0.48302313601631225 -0.8756024236454861 -0.0029987567800457047 0.030197403321819756 0.4369619269051188 0.24401364174204637 -0.8657490909614176 0.04326007826712933 0.758783809455786 0.41686646951981327 0.5004692346846961 -0.3937094575884461 0.0 0.0 0.0 1.0]
Frame:9, T_inverse:[0.5281901748527542 -0.8491192868400745 -0.0034058291439738085 0.030407814805179713 0.42352835955707857 0.2669257870437175 -0.8656640921377524 0.04245484312225059 0.7359611511921693 0.4557928303166931 0.5006136612576435 -0.3950774565408234 0.0 0.0 0.0 1.0]
Frame:10, T_inverse:[0.5718961246439 -0.8203172413108644 -0.003797050202282983 0.03053843698364389 0.40892160557568646 0.2890921771058002 -0.8655684744805172 0.041645523322387294 0.7111384581382653 0.49346255740095174 0.5007761437156302 -0.3964527257748125 0.0 0.0 0.0 1.0]
Frame:11, T_inverse:[0.6140433118247769 -0.789261237516905 -0.004187189561378424 0.030584261002049206 0.3931667938790889 0.3104742637342493 -0.8654626574111369 0.040833617152528486 0.6843761561593078 0.5297852943948371 0.5009559392945612 -0.3978320912515313 0.0 0.0 0.0 1.0]
Frame:12, T_inverse:[0.6545176160671762 -0.7560329442535064 -0.004547576617961746 0.03053754963492981 0.3763202900812386 0.3309956020946424 -0.8653465551111303 0.04002180143276607 0.6557358691993666 0.5646731983980289 0.501153081132349 -0.3992121311042867 0.0 0.0 0.0 1.0]
Frame:13, T_inverse:[0.6931796256941796 -0.7207481533262944 -0.0049130357371577095 0.030419110132693203 0.3584212491555857 0.3506095534052373 -0.8652208634767912 0.039212249196129846 0.6253288654942044 0.5979925002823848 0.501366880822968 -0.40058725755716007 0.0 0.0 0.0 1.0]
Frame:14, T_inverse:[0.7299500384649247 -0.6834802734022112 -0.005257492762921658 0.03021186065093626 0.3395206464243525 0.3692590848137749 -0.8650858312922088 0.03840720498808558 0.5932104497989751 0.6296844211993345 0.5015963859583541 -0.40195538075699183 0.0 0.0 0.0 1.0]
Frame:15, T_inverse:[0.7647212977724408 -0.6443369437887131 -0.005591111759173552 0.029921756762578695 0.31966670450529927 0.3868968568227139 -0.864941575813693 0.037608499911909635 0.5594770165499005 0.6596519427516048 0.5018413323572257 -0.40331229421977716 0.0 0.0 0.0 1.0]
Frame:16, T_inverse:[0.797391268421433 -0.6034336438985537 -0.005916251699254004 0.02955391769888157 0.29891524606555125 0.40347224831562417 -0.8647889044099528 0.03681854929810058 0.5242297179784448 0.6878066762469563 0.5021007308066023 -0.4046540708262594 0.0 0.0 0.0 1.0]
Frame:17, T_inverse:[0.8278827034415728 -0.5608668519545444 -0.006211127387044846 0.02909782121510961 0.277329686084778 0.4189349722438281 -0.86462811472097 0.03603978895470895 0.4875433082263803 0.7140880954442543 0.5023740312626841 -0.40597778052458805 0.0 0.0 0.0 1.0]
Frame:18, T_inverse:[0.8560990452801578 -0.51677084433927 -0.00650393106011967 0.028568868672475194 0.25495794599936983 0.43325130694741937 -0.8644592406579635 0.03527364932879503 0.4495451443288907 0.738404491573153 0.5026608509629272 -0.40727897503061666 0.0 0.0 0.0 1.0]
Frame:19, T_inverse:[0.8819727016563336 -0.4712518801270162 -0.006766242426221744 0.02795602829860045 0.23187361272197535 0.4463730924262134 -0.864283302955353 0.034523018479684864 0.41031544341774484 0.7607054125030674 0.5029597337430692 -0.408554709303695 0.0 0.0 0.0 1.0]
Frame:20, T_inverse:[0.9054216061739679 -0.4244555736505721 -0.007011165798128231 0.027272325845339083 0.2081406291685651 0.4582656188264908 -0.8641007067473316 0.03378984494057707 0.36998537659798203 0.7809161100023895 0.5032700651656545 -0.4098008907615307 0.0 0.0 0.0 1.0]
Frame:21, T_inverse:[0.9263905153568186 -0.37649468662089797 -0.007239526229280949 0.02651389639115581 0.1838151617933075 0.4689015759179131 -0.8639116208387814 0.03307563536241577 0.32865275674163397 0.7989887372986961 0.5035913727771992 -0.4110144735961687 0.0 0.0 0.0 1.0]
Frame:22, T_inverse:[0.9448247049488778 -0.3274917201500215 -0.007443067079704147 0.025677843424403726 0.15896543089889967 0.47825079614005883 -0.8637164647347593 0.032382317655583394 0.286419646176085 0.8148774764278051 0.503923067370046 -0.4121924332116637 0.0 0.0 0.0 1.0]
Frame:23, T_inverse:[0.9606724648587521 -0.277579075826585 -0.00763108086194277 0.02476843303341691 0.13365010671356975 0.48628879024613436 -0.863516445393039 0.03171258076565841 0.24340504250646056 0.828536540938988 0.5042627053352753 -0.41333087086011533 0.0 0.0 0.0 1.0]
Frame:24, T_inverse:[0.9738793742906844 -0.22693184363086524 -0.007802438340071965 0.02380146003670041 0.10795885752880369 0.4929887137531284 -0.8633116842133296 0.031067701589014264 0.1997594301169005 0.8399190954527462 0.5046108216064504 -0.4144264746327991 0.0 0.0 0.0 1.0]
Frame:25, T_inverse:[0.9844199628324051 -0.17565376947425015 -0.007944204129287308 0.022764087273821367 0.0819545706162453 0.4983347865164685 -0.8631024384526673 0.03044944918275274 0.15556607494253696 0.8490041817782379 0.504966334187123 -0.41547696593094957 0.0 0.0 0.0 1.0]
Frame:26, T_inverse:[0.9922650968876128 -0.1238747860285819 -0.00806268187517579 0.021657327285713714 0.05569760854867154 0.5023137348217155 -0.8628896962165871 0.029859391180174482 0.11094027749556114 0.8557662921098955 0.5053278954954108 -0.41647968607693936 0.0 0.0 0.0 1.0]
Frame:27, T_inverse:[0.9973868322660309 -0.07178227649527852 -0.008171368574181131 0.02050312465473168 0.029271012679422424 0.5049122465971013 -0.8626742220922597 0.02929955379195132 0.06605054202425513 0.8601807644458507 0.5056939911217299 -0.417430966570623 0.0 0.0 0.0 1.0]
Frame:28, T_inverse:[0.9997760016928462 -0.01949067328183602 -0.008249607411993008 0.0192899888918465 0.0027503826316285476 0.5061238100645234 -0.8624564715299452 0.02877134381201978 0.020985179705432372 0.8622405467186999 0.506064007836884 -0.4183288356022308 0.0 0.0 0.0 1.0]
Frame:29, T_inverse:[0.9994251149696911 0.03286814320430308 -0.008310650663595813 0.018020553936509278 -0.023808932928500913 0.5059457713532582 -0.8622366290084524 0.028275770382604894 -0.024135376297514465 0.8619388253222485 0.5064375114445139 -0.41917093016887275 0.0 0.0 0.0 1.0]
Frame:30, T_inverse:[0.996335433376207 0.08512394368291842 -0.0083465317787623 0.016705571128663967 -0.05031393776705008 0.5043788837888273 -0.8620153336534887 0.027814392126153914 -0.06916833253565353 0.8592763744769023 0.5068134304788834 -0.4199545344729824 0.0 0.0 0.0 1.0]
Frame:31, T_inverse:[0.9905152732959845 0.13714870682609867 -0.008352618192998621 0.015342310933217916 -0.0766957784934961 0.5014272784406909 -0.861793705598457 0.027388840376298754 -0.11400566902147735 0.854260446965425 0.5071900944065209 -0.4206777653948761 0.0 0.0 0.0 1.0]
Frame:32, T_inverse:[0.981976688169539 0.18881808434164205 -0.008337598206485481 0.013930142184265448 -0.1028988426172144 0.49709655312123097 -0.8615722855272177 0.027000044543911982 -0.15853583980417849 0.8469018626836747 0.5075664009196278 -0.42133886444469015 0.0 0.0 0.0 1.0]
Frame:33, T_inverse:[0.970755513201755 0.23992633403436442 -0.008311811741501989 0.012498109711479325 -0.12882760226805104 0.4914038286903924 -0.8613511432762246 0.026649154460643844 -0.20257634992170254 0.8372321466936542 0.507942130316631 -0.42193465448217493 0.0 0.0 0.0 1.0]
Frame:34, T_inverse:[0.9568668196421555 0.29040981980810326 -0.008245193051532526 0.011015940879210873 -0.1544242706666125 0.48436127909716853 -0.861131430759311 0.026337203868919037 -0.24608736771030787 0.8252613242843426 0.5083155952268953 -0.42246507719919024 0.0 0.0 0.0 1.0]
Frame:35, T_inverse:[0.9403564843648935 0.3400926170627874 -0.00816590562354019 0.009507495330074027 -0.17962309146036176 0.47598683801819497 -0.8609134878386839 0.026064797850804674 -0.2889034670210743 0.8110323480043611 0.5086858080986318 -0.4229280639342849 0.0 0.0 0.0 1.0]
Frame:36, T_inverse:[0.9212689071640222 0.38884257634326846 -0.008067552686233017 0.007974063837635548 -0.20435129988475734 0.4663038401780393 -0.8606980682117482 0.02583287637676158 -0.3309141288637139 0.794583007348055 0.5090517281202632 -0.4233223957279347 0.0 0.0 0.0 1.0]
Frame:37, T_inverse:[0.899655430356543 0.43652848850849474 -0.007938347958642226 0.006416076590039053 -0.22853327759551925 0.45534340167364296 -0.8604853223062043 0.025641505517177858 -0.3720116597045876 0.7759544307385643 0.5094134531972557 -0.423647243055256 0.0 0.0 0.0 1.0]
Frame:38, T_inverse:[0.8755762854323219 0.48301696488942253 -0.0077976339480597895 0.00484336358596992 -0.25211528468151767 0.4431274067015343 -0.8602766665855766 0.025492281158080943 -0.4120728903984641 0.7552037167487662 0.5097678013444986 -0.4239014231620898 0.0 0.0 0.0 1.0]
Frame:39, T_inverse:[0.84910268092292 0.5281726925889466 -0.007630736574229862 0.00325977135744761 -0.27501788921688997 0.42969935442479723 -0.860071834591355 0.025384660596104093 -0.45098757616360446 0.7323878565374661 0.5101157930256074 -0.4240842745741901 0.0 0.0 0.0 1.0]
Frame:40, T_inverse:[0.8202920646649274 0.5718964066744687 -0.007441220800632438 0.0016603510168600615 -0.2971928736445415 0.4150864912470487 -0.859871820686193 0.025319304697157374 -0.48866887225391453 0.7075575351284251 0.5104557138005074 -0.42419548887930014 0.0 0.0 0.0 1.0]
Frame:41, T_inverse:[0.7892342902767632 0.6140496845016514 -0.007227357029189974 5.6596150536606765e-05 -0.3185690907683029 0.3993365175537222 -0.8596767404954667 0.025296110774103923 -0.5249980761267194 0.6807887679035535 0.510787331057845 -0.4242346438171781 0.0 0.0 0.0 1.0]
Frame:42, T_inverse:[0.7560240045056642 0.6545063411739106 -0.007003024028727655 -0.0015389837500319377 -0.3390909178903482 0.38248960104207924 -0.8594875829452256 0.025315452489312197 -0.5598615642005177 0.6521679139641601 0.5111085061393023 -0.4242014500569072 0.0 0.0 0.0 1.0]
Frame:43, T_inverse:[0.7207343417958648 0.6931784748392715 -0.006752696540598766 -0.003136183325099085 -0.3587032730242602 0.3645917315063398 -0.8593048496708432 0.02537758079899933 -0.5931896324634355 0.6217527342209317 0.5114191876678568 -0.4240958816635513 0.0 0.0 0.0 1.0]
Frame:44, T_inverse:[0.683467313274261 0.7299521423085455 -0.0064892565552439885 -0.004724266622295692 -0.3773556834414633 0.3456873886082654 -0.8591290012857599 0.02548219861928173 -0.6248799381973388 0.5896352868019721 0.5117177651174466 -0.4239183263036148 0.0 0.0 0.0 1.0]
Frame:45, T_inverse:[0.6443407242754422 0.7647133803074609 -0.006202951990883385 -0.006294340650096076 -0.39498475662878774 0.3258432211960276 -0.8589605231407955 0.025628499755194753 -0.6548374655420499 0.5559133001901175 0.5120042093676312 -0.423669581638318 0.0 0.0 0.0 1.0]
Frame:46, T_inverse:[0.6034272433682157 0.7973961814079303 -0.005903430911336489 -0.007855621939816511 -0.41156217127233763 0.3050904604925344 -0.8587993791218705 0.025816299732552398 -0.6830023145855392 0.5206525369468517 0.5122780004409766 -0.4233500893849291 0.0 0.0 0.0 1.0]
Frame:47, T_inverse:[0.56087160201004 0.8278838639061905 -0.005589512456260339 -0.009389887052381451 -0.4270261251381039 0.28350285412923254 -0.8586470153037131 0.026045635829787136 -0.7092754165189734 0.48397760161595843 0.5125367950793526 -0.4229608006547321 0.0 0.0 0.0 1.0]
Frame:48, T_inverse:[0.5167693794992024 0.8561084806351686 -0.0052541824175158375 -0.01090355071753145 -0.4413398209177867 0.26113535848830577 -0.8585030226832674 0.026315117517515394 -0.7335996906056457 0.44596694342959636 0.5127815741800328 -0.4225027892295893 0.0 0.0 0.0 1.0]
Frame:49, T_inverse:[0.4712541539344469 0.8819838324977928 -0.0048999678294002385 -0.012386833922497944 -0.45446026284200297 0.2380546114404408 -0.8583681127513857 0.026624228308314932 -0.755900377247659 0.4067363518236077 0.5130108446390423 -0.4219772871922244 0.0 0.0 0.0 1.0]
Frame:50, T_inverse:[0.4244523557281341 0.9054387921463108 -0.00454864676107906 -0.013830319682155385 -0.4663596087046489 0.21430890937202252 -0.858242601135701 0.026972450285604195 -0.7761113595246575 0.366404359582247 0.5132240277944934 -0.4213859470381183 0.0 0.0 0.0 1.0]
Frame:51, T_inverse:[0.3764703701953803 0.9264191830668679 -0.004181138548346875 -0.015243182499247374 -0.47700219930241555 0.18996721720800241 -0.858126637303099 0.027358562555548825 -0.7941907080020139 0.3250536362327608 0.5134210713722847 -0.4207299387154554 0.0 0.0 0.0 1.0]
Frame:52, T_inverse:[0.3274938121352253 0.9448456543952968 -0.0037965698166289984 -0.0166017318372422 -0.4863471630263677 0.16512556628196884 -0.8580209415321443 0.027781179348830596 -0.8100704752628404 0.28284296716957624 0.5136006632130976 -0.42001176239970295 0.0 0.0 0.0 1.0]
Frame:53, T_inverse:[0.27758335809355006 0.9606954889710179 -0.003395041393989999 -0.017929564319528288 -0.4943839140498769 0.13981549284185063 -0.8579253837806504 0.028239932436335016 -0.8237304781576166 0.2398242165229004 0.5137629724150317 -0.41923195669750596 0.0 0.0 0.0 1.0]
Frame:54, T_inverse:[0.2269140670918012 0.9739102117182841 -0.0029933959157915236 -0.019205384008374328 -0.5010861628088656 0.11411282049105848 -0.8578408534123454 0.028733542334265488 -0.8351183421857216 0.19615612600891427 0.5139067378527988 -0.4183935828586427 0.0 0.0 0.0 1.0]
Frame:55, T_inverse:[0.1756506349594532 0.9844491395600292 -0.002584662659502414 -0.020418434146985232 -0.5064314568740296 0.08810814420605546 -0.8577669300539874 0.029259789748533032 -0.8442001770571378 0.1519762237929633 0.5140323173000811 -0.41749954219588337 0.0 0.0 0.0 1.0]
Frame:56, T_inverse:[0.12388590766363579 0.9922940023108963 -0.002156654443628752 -0.0215854425823316 -0.5104088240830403 0.061859441630026886 -0.8577039255754018 0.029817610070975872 -0.8509611136547891 0.10735810301787055 0.5141393136967327 -0.41655120554680863 0.0 0.0 0.0 1.0]
Frame:57, T_inverse:[0.07177516886316623 0.9974193431085671 -0.001739103226006802 -0.022691496488390275 -0.5130087486562832 0.03542115852773647 -0.8576522190661138 0.030405949498844335 -0.8553772963548164 0.062450306996775264 0.5142272070416168 -0.4155517294463595 0.0 0.0 0.0 1.0]
Frame:58, T_inverse:[0.0194645797954911 0.9998097880189043 -0.0012971336051846828 -0.023741199547320225 -0.514220391449005 0.00889831186599341 -0.8576120059156994 0.031022521328424223 -0.8574372241981195 0.017360118687431234 0.5142956893914565 -0.4145035432810841 0.0 0.0 0.0 1.0]
Frame:59, T_inverse:[-0.03287392759700628 0.9994590444316398 -0.0008716419066545879 -0.024712303949152668 -0.5140423278748057 -0.017655618795301094 -0.8575830176904511 0.031665963865996606 -0.8571345717445366 -0.027744114275947127 0.5143447692424791 -0.4134105220097777 0.0 0.0 0.0 1.0]
Frame:60, T_inverse:[-0.08515441693205707 0.9963676582301554 -0.0004241664762803463 -0.025631303297810243 -0.512474920872206 -0.04416367569076665 -0.8575657308518283 0.03233446681268032 -0.8544695054274697 -0.0728081356254164 0.514374192199162 -0.4122740657206735 0.0 0.0 0.0 1.0]
Frame:61, T_inverse:[-0.13717248162704995 0.9905469775715603 1.1997023351758402e-05 -0.026467186486290064 -0.509522725511283 -0.07054902932077584 -0.8575600031498363 0.03302613880678516 -0.849452743701684 -0.11763989978407928 0.5143838354061767 -0.4110989064772356 0.0 0.0 0.0 1.0]
Frame:62, T_inverse:[-0.18882298710513995 0.9820109194329618 0.00044538436815059275 -0.027232659110397166 -0.5051927999911806 -0.09675046427334803 -0.8575659174170827 0.033739343041593185 -0.8420961148728269 -0.1621532874889914 0.5143737258045946 -0.4098873429312131 0.0 0.0 0.0 1.0]
Frame:63, T_inverse:[-0.23995445319912856 0.9707837353436733 0.0008725969527064823 -0.027921891898605715 -0.49949665376242597 -0.12269273179912481 -0.8575835361558827 0.03447220157056128 -0.8324211226850784 -0.20621687610577794 0.5143439408480532 -0.40864260050796525 0.0 0.0 0.0 1.0]
Frame:64, T_inverse:[-0.29044334117341986 0.956891207408325 0.0013098284073855564 -0.028542781064608436 -0.4924509367034367 -0.148298709108157 -0.8576125892622541 0.03522242806026546 -0.8204477912306605 -0.2497329836975666 0.5142945124269431 -0.4073675195839696 0.0 0.0 0.0 1.0]
Frame:65, T_inverse:[-0.3401223486368758 0.9403796803543106 0.0017293427678226874 -0.029077188431606095 -0.4840736652647589 -0.1735055663626521 -0.8576530025001184 0.035987873486391604 -0.8062193425014959 -0.29254399020142313 0.5142260053241012 -0.4060672144562573 0.0 0.0 0.0 1.0]
Frame:66, T_inverse:[-0.3888825084185627 0.9212846380303965 0.002169322973673957 -0.029543004002185166 -0.474392822464334 -0.19822579865871084 -0.8577049440117386 0.03676649600110986 -0.7897604841392637 -0.3345756545130329 0.5141376051298371 -0.4047435371346961 0.0 0.0 0.0 1.0]
Frame:67, T_inverse:[-0.4365571226716303 0.899672805355038 0.002580351044322193 -0.02991509163232014 -0.46342850166138383 -0.22241381533042487 -0.8577680680970627 0.03755628055180559 -0.7711367317879978 -0.3756605809557025 0.5140303794594961 -0.40340214794761986 0.0 0.0 0.0 1.0]
Frame:68, T_inverse:[-0.48304364699730606 0.8755911382971984 0.0029828718706394744 -0.030208050577088145 -0.4512103933313827 -0.24600004720110494 -0.8578420984957162 0.03835505263301707 -0.7503851854384983 -0.4157211210172691 0.5139046790575656 -0.40204525272510655 0.0 0.0 0.0 1.0]
Frame:69, T_inverse:[-0.5282143243577622 0.8491042147302197 0.0034004103733342385 -0.030426779041942048 -0.43778203699078133 -0.26890154236915464 -0.8579270350073769 0.03916019420932059 -0.7275551121733896 -0.4546580396730126 0.5137602376495819 -0.4006764735466084 0.0 0.0 0.0 1.0]
Frame:70, T_inverse:[-0.5719259059928374 0.8202964304754852 0.0037938405950949878 -0.030554507250908976 -0.42316992768398504 -0.29107357080624696 -0.8580228911668563 0.03997022918089936 -0.7027288268257558 -0.4923310103702911 0.5135974380616531 -0.3993003957056495 0.0 0.0 0.0 1.0]
Frame:71, T_inverse:[-0.6140696071836161 0.7892406864216146 0.004176553949230704 -0.03059817314442229 -0.40741821766959 -0.31245108185896564 -0.8581285635271336 0.04078214854220213 -0.6759650364507742 -0.5286523522002584 0.5134178569866257 -0.3979207220062898 0.0 0.0 0.0 1.0]
Frame:72, T_inverse:[-0.6545298804309554 0.7560224403361291 0.00455001189491159 -0.030558607733731518 -0.3905704361131955 -0.3329728979423524 -0.8582445863906744 0.04159427255739508 -0.6473371505829236 -0.5635238253715703 0.5132207319708879 -0.39654075317557685 0.0 0.0 0.0 1.0]
Frame:73, T_inverse:[-0.6932085663083581 0.7207202185643758 0.004914290112420414 -0.03044102201330927 -0.37266778318279037 -0.35258925541661246 -0.8583702213394009 0.04240468671882595 -0.6169120846217971 -0.5968610342862375 0.513007147290046 -0.39516364204925575 0.0 0.0 0.0 1.0]
Frame:74, T_inverse:[-0.7299690622735253 0.6834599569716889 0.005258572487362413 -0.030230865781015144 -0.353768114013039 -0.3712365062272629 -0.8585054281364416 0.04321046564433169 -0.584801891309255 -0.6285427301930575 0.5127775181716803 -0.393794494925529 0.0 0.0 0.0 1.0]
Frame:75, T_inverse:[-0.7647455317090124 0.6443075420082823 0.00559313930735155 -0.029947034017816315 -0.3339117044626373 -0.3888746751049402 -0.858649437916699 0.04401002084931528 -0.5510593795080048 -0.6585162812107576 0.5125325728630756 -0.3924358639186374 0.0 0.0 0.0 1.0]
Frame:76, T_inverse:[-0.7974075897503063 0.603412132667213 0.005911060331719222 -0.02957157032758234 -0.3131708904128646 -0.40544167885801863 -0.858802131182743 0.044800050008039105 -0.5158150501064279 -0.6866664599869511 0.5122733634182043 -0.3910931396379563 0.0 0.0 0.0 1.0]
Frame:77, T_inverse:[-0.8278961376707923 0.5608469960706153 0.006213335703248454 -0.02912138222923962 -0.291583277798997 -0.420905622697735 -0.8589630713283931 0.0455796974454104 -0.47913161251792513 -0.712943943708114 0.5119997931562276 -0.3897684493507637 0.0 0.0 0.0 1.0]
Frame:78, T_inverse:[-0.8561179516513817 0.5167395686541649 0.006495366978550498 -0.028592256026942618 -0.2692112544217853 -0.43522156140514956 -0.8591317844286228 0.04634628301018754 -0.44112046343491784 -0.7372667904266239 0.5117131814225505 -0.3884659726150866 0.0 0.0 0.0 1.0]
Frame:79, T_inverse:[-0.881979491831023 0.47123924223597247 0.006762009345364763 -0.02797707314296741 -0.2461344955326234 -0.44833901911867446 -0.8593078191099474 0.04709733425864187 -0.4019078951120641 -0.7595562751626199 0.5114140707720279 -0.38719006749688156 0.0 0.0 0.0 1.0]
Frame:80, T_inverse:[-0.905426091199442 0.4244457387376606 0.007001608765456468 -0.027283825786213606 -0.22239528813469972 -0.4602347042864439 -0.8594905633471758 0.04783121936878657 -0.3615847760663544 -0.7797624668640585 0.5111035462714586 -0.38594340952706474 0.0 0.0 0.0 1.0]
Frame:81, T_inverse:[-0.9264007022284674 0.3764696191674927 0.007226136784528222 -0.02652329690439569 -0.1980592321489523 -0.4708747764433875 -0.8596798252042307 0.04854600601553803 -0.32024075896433657 -0.7978392779516897 0.5107821021491263 -0.38472893197420893 0.0 0.0 0.0 1.0]
Frame:82, T_inverse:[-0.9448328629325276 0.3274677550911246 0.007444866277391725 -0.025691344856148407 -0.17321433984105608 -0.4802211841993763 -0.8598745141527347 0.04923909106162706 -0.27800601664956576 -0.8137274162907974 0.5104510595973474 -0.38355062700974324 0.0 0.0 0.0 1.0]
Frame:83, T_inverse:[-0.9606730743867168 0.277576903982852 0.007626793146102865 -0.02478235546078961 -0.14790523023246488 -0.48825737458485224 -0.8600748176618299 0.04990970532419427 -0.2350130694089599 -0.8273788319031761 0.5101108627175077 -0.3824114551205361 0.0 0.0 0.0 1.0]
Frame:84, T_inverse:[-0.9738838640700244 0.22691369874727177 0.007786770490309931 -0.023808866380633172 -0.12220341259078765 -0.49495970370529724 -0.8602798464705805 0.050555432260359585 -0.191355131554436 -0.8387641413057509 0.509762703263814 -0.38131460730863254 0.0 0.0 0.0 1.0]
Frame:85, T_inverse:[-0.984421770498116 0.1756433804037101 0.007939842534779046 -0.022768921174876392 -0.09620580783064381 -0.5003031881066526 -0.8604888424951883 0.05117401505077443 -0.1471668381397986 -0.8478478473317774 0.509407398356605 -0.3802631481763364 0.0 0.0 0.0 1.0]
Frame:86, T_inverse:[-0.9922650235835401 0.12387527616956034 0.008063319857647916 -0.02166982118412201 -0.06994919436541792 -0.5042816347260114 -0.8607015183421292 0.051764415153598524 -0.10255345424240445 -0.8546080728212043 0.5090460061625113 -0.3792600136252852 0.0 0.0 0.0 1.0]
Frame:87, T_inverse:[-0.9973878700569999 0.07176675922887714 0.008167847456389992 -0.02051217809582828 -0.04352266407188552 -0.5068799821163453 -0.8609170884662515 0.052324693108875005 -0.05764511544419658 -0.8590238482387205 0.5086796556479662 -0.37830787709467234 0.0 0.0 0.0 1.0]
Frame:88, T_inverse:[-0.9997764496809256 0.01946670150373414 0.008250168341316151 -0.019296794012221424 -0.016999177786607277 -0.5080914685823039 -0.8611353082974771 0.052853378172618766 -0.012571623261776677 -0.861083087935405 0.5083088345785576 -0.37740957957396976 0.0 0.0 0.0 1.0]
Frame:89, T_inverse:[-0.9994244896982354 -0.03288600247032776 0.00830266715780503 -0.01802646542034441 0.009557190801135165 -0.5079131707356229 -0.8613551536215718 0.053349073953685225 0.03254356385882585 -0.8607801910896185 0.5079353484167302 -0.3765675373351512 0.0 0.0 0.0 1.0]
Frame:90, T_inverse:[-0.9963345870337125 -0.08513304616370115 0.00833969542168223 -0.016703960009654843 0.036053685890178225 -0.5063464109647718 -0.8615760721961109 0.05380994966968358 0.07757137321462465 -0.8581174493420641 0.5075599259465102 -0.37578415051707764 0.0 0.0 0.0 1.0]
Frame:91, T_inverse:[-0.9905127641605742 -0.13716670069464212 0.008340032352537849 -0.015338332916869946 0.062453774737892945 -0.5033924260259605 -0.8617977722819478 0.05423554183150398 0.12240827095923508 -0.8531009101303433 0.507183405470397 -0.3750611695736905 0.0 0.0 0.0 1.0]
Frame:92, T_inverse:[-0.9819750765310336 -0.1888267158421219 0.00833885864036099 -0.013936534396907783 0.08864610553440246 -0.49906350191556675 -0.8620194900874597 0.05462406219686198 0.16693393302254517 -0.8457423795244605 0.5068065741715443 -0.37440060104222733 0.0 0.0 0.0 1.0]
Frame:93, T_inverse:[-0.9707518120746143 -0.23994157149622197 0.008307279360240147 -0.012486331990685991 0.11456842571914463 -0.49337167414658195 -0.8622403847934696 0.05497485773402516 0.210985887955864 -0.8360696314790028 0.5064311524190579 -0.37380435662663164 0.0 0.0 0.0 1.0]
Frame:94, T_inverse:[-0.9568605234871372 -0.29042940191891814 0.008246257740938635 -0.011009631860765999 0.14017829233772727 -0.48632512407472717 -0.8624601001899447 0.05528722518590281 0.25449418860517053 -0.8240983549214421 0.5060577259311801 -0.373273991571422 0.0 0.0 0.0 1.0]
Frame:95, T_inverse:[-0.9403539855411633 -0.3400995209772628 0.00816679300124013 -0.009497000727369946 0.1653699071727045 -0.4779529255830434 -0.8626782287340468 0.055559485890619986 0.297299797091268 -0.8098724110606849 0.505687184563899 -0.3728111569965473 0.0 0.0 0.0 1.0]
Frame:96, T_inverse:[-0.9212633179731083 -0.38885582408539215 0.008067693143738716 -0.007964644531534408 0.1900958540745323 -0.4682710260530327 -0.8628938790962791 0.055791429279294175 0.33931918717902926 -0.793418822861849 0.505320722296592 -0.3724170514497988 0.0 0.0 0.0 1.0]
Frame:97, T_inverse:[-0.8996541301182794 -0.43653106266214675 0.007936695814311516 -0.006403400709376358 0.21428129516583366 -0.4573082671453651 -0.8631063748565401 0.05598225879794341 0.3804022745341087 -0.7747965721208998 0.5049597343705844 -0.37209293130092824 0.0 0.0 0.0 1.0]
Frame:98, T_inverse:[-0.8755737007442213 -0.4830213186054677 0.007799955024330741 -0.004832148553918556 0.23785342101877385 -0.4450983754403684 -0.8633151441987208 0.056131233725825895 0.4204714079139997 -0.7540408982853878 0.5046048807061053 -0.3718394437434109 0.0 0.0 0.0 1.0]
Frame:99, T_inverse:[-0.8490963832645043 -0.528182731834321 0.007626614294989725 -0.003242507011242371 0.2607630626320356 -0.4316663176993769 -0.8635199068024955 0.056238371723823045 0.4593884745115799 -0.7312229734813399 0.5042569972669514 -0.3716574092114459 0.0 0.0 0.0 1.0]
Frame:100, T_inverse:[-0.8202989712480031 -0.5718865794817307 0.0074294164184506295 -0.0016395899940416568 0.2829351253891547 -0.41705528172537226 -0.8637201310889738 0.05630318564085265 0.4970484557059055 -0.706406745132702 0.5039168894745553 -0.3715472544537228 0.0 0.0 0.0 1.0]
Frame:101, T_inverse:[-0.7892425738922202 -0.6140390289345945 0.007228576617938767 -4.180915358872088e-05 0.3043084561852414 -0.40130687690016564 -0.8639150028816269 0.056325514470140545 0.5333783900056464 -0.6796387707576064 0.5035857196197704 -0.37150934685113657 0.0 0.0 0.0 1.0]
Frame:102, T_inverse:[-0.7560256439514034 -0.654504713598909 0.006993684313153523 0.001560768852452416 0.3248360298384697 -0.3844550488477312 -0.8641041175087842 0.05630524925022486 0.5682489608881433 -0.6510130245496524 0.5032645080214693 -0.3715438285894767 0.0 0.0 0.0 1.0]
Frame:103, T_inverse:[-0.7207354817588337 -0.6931771567549397 0.006756969993872806 0.003154602660962425 0.3444428853769381 -0.3665616670218258 -0.8642867229169681 0.05624277875069177 0.6015806716188783 -0.6205947920858955 0.5029540500600957 -0.3716499230397197 0.0 0.0 0.0 1.0]
Frame:104, T_inverse:[-0.6834764014967337 -0.7299438537182729 0.0064853008846835185 0.00474625869776464 0.36309361730380507 -0.34765991323348333 -0.864462637214235 0.0561380037911567 0.6332638600755797 -0.5884849974189469 0.5026552508385556 -0.371828109887604 0.0 0.0 0.0 1.0]
Frame:105, T_inverse:[-0.6443312445124706 -0.7647213383017794 0.006202144712926998 0.006318289132084666 0.38073150519334514 -0.32780540169834327 -0.8646311890986103 0.05599108649608379 0.663234987944679 -0.5547476141076487 0.5023687702811163 -0.3720776445222059 0.0 0.0 0.0 1.0]
Frame:106, T_inverse:[-0.6034284843283949 -0.7973950468412164 0.0059048910837634725 0.007875541178958211 0.3973007971661567 -0.3070612228017871 -0.864792026268021 0.055802722375990065 0.6913941216457017 -0.5194942614830328 0.5020953994883259 -0.37239791287300555 0.0 0.0 0.0 1.0]
Frame:107, T_inverse:[-0.5608784775366988 -0.8278792119066558 0.005579052843851884 0.009416604858210977 0.41276614075611445 -0.28547305513713384 -0.8649445849406787 0.05557297156722691 0.7176623377584594 -0.4828260392229286 0.5018363448602662 -0.372788009864368 0.0 0.0 0.0 1.0]
Frame:108, T_inverse:[-0.516779023874454 -0.8561027683514382 0.005249214332148588 0.01092467365917717 0.42707909021699686 -0.2631069105709297 -0.8650886108230678 0.05530285528337169 0.7419857882337928 -0.4448177961479114 0.5015916859865085 -0.37324706978167316 0.0 0.0 0.0 1.0]
Frame:109, T_inverse:[-0.4712731085990568 -0.8819736694527155 0.004900699010382143 0.012407227510307263 0.4402009172779161 -0.24002423461026356 -0.8652233532694587 0.05499293108986393 0.7642805588044733 -0.4055992431697975 0.5013626346631583 -0.3737736578002773 0.0 0.0 0.0 1.0]
Frame:110, T_inverse:[-0.4244579635736082 -0.9054361985198148 0.004543348017904524 0.013849364557467402 0.4520988799964844 -0.2162808774828654 -0.8653491246003423 0.05464419366222958 0.784501095870724 -0.3652503072925527 0.5011488971125091 -0.374366330967501 0.0 0.0 0.0 1.0]
Frame:111, T_inverse:[-0.37649027182892536 -0.9264111589526031 0.004177190693131524 0.015256107748965719 0.4627349286760408 -0.1919562309895902 -0.8654646947069471 0.05425745726788921 0.8025779845277364 -0.323906109938267 0.5009524397025956 -0.37502362523021604 0.0 0.0 0.0 1.0]
Frame:112, T_inverse:[-0.32749082473355096 -0.9448466837992149 0.0037984816253433767 0.016621026742546514 0.4720834058377287 -0.16710734739847452 -0.8655705246336259 0.05383402035288072 0.8184662136346239 -0.28167324190245313 0.5007726521517876 -0.37574336038133876 0.0 0.0 0.0 1.0]
Frame:113, T_inverse:[-0.27759036314958474 -0.9606935477347173 0.00339212558791713 0.017943582874376914 0.4801238197897148 -0.1417873487615097 -0.8656659054798099 0.05337470216213927 0.8321206214009956 -0.23867188148760585 0.5006106594170446 -0.37652327171902156 0.0 0.0 0.0 1.0]
Frame:114, T_inverse:[-0.22692725244361703 -0.9739071894958178 0.0029929867507466346 0.019212469004324485 0.48682431481357047 -0.11609413577993649 -0.8657507510780081 0.05288134526735095 0.8435083242978596 -0.19500530639481412 0.5004665365094197 -0.3773619984875253 0.0 0.0 0.0 1.0]
Frame:115, T_inverse:[-0.1756547397462563 -0.9844484163912939 0.002577846900151032 0.02043465261782121 0.49217088074347615 -0.09008505013289002 -0.8658246860789736 0.05235478813521281 0.8525920156021177 -0.1508175279938667 0.5003408172967281 -0.3782564241464751 0.0 0.0 0.0 1.0]
Frame:116, T_inverse:[-0.12389398319808548 -0.992293128474476 0.002153167311241993 0.021599504641862742 0.4961500022639238 -0.06382629592686531 -0.8658875819168987 0.05179645401044764 0.8593517492806991 -0.10620998432593548 0.5002339571702045 -0.3792049601057895 0.0 0.0 0.0 1.0]
Frame:117, T_inverse:[-0.07178821519776854 -0.9974182367506333 0.0017385922011381606 0.022699518069744594 0.4987483240508246 -0.0374062847348693 -0.8659391791526095 0.0512082126984365 0.8637686948731849 -0.06129721111796842 0.5001461951902293 -0.38020486139886883 0.0 0.0 0.0 1.0]
Frame:118, T_inverse:[-0.01948834425514359 -0.9998091355181767 0.0013064888928245443 0.023741553070111075 0.4999609998847007 -0.010876835865867521 -0.8659795028479429 0.05059128757772598 0.8658284959407895 -0.016223393630788913 0.5000777219197823 -0.3812531336730904 0.0 0.0 0.0 1.0]
Frame:119, T_inverse:[0.03286120539353499 -0.9994594757594975 0.0008661186881324426 0.024720745195806425 0.49978338500778685 0.0156819346261036 -0.8660083583466291 0.049947484978962405 0.8655267316797085 0.02889088635050779 0.5000286978921299 -0.3823468367789885 0.0 0.0 0.0 1.0]
Frame:120, T_inverse:[0.08502602942840541 -0.996378557194698 0.0004304626484596114 0.02565996360587227 0.4982206306162876 0.04214157932299324 -0.8660255133243939 0.04927981699340271 0.8628711895910776 0.07384911619916455 0.4999996039721453 -0.3834810151400855 0.0 0.0 0.0 1.0]
Frame:121, T_inverse:[0.1400818032650596 -0.9901399073275531 -1.8856587845089308e-05 0.02555468207964358 0.4950575625107573 0.07005565462091579 -0.8660312855736915 0.048481585953125655 0.857493447861382 0.12130585955329089 0.49998981018070227 -0.38483809848758616 0.0 0.0 0.0 1.0]
