Frame:1, T_inverse:[0.3034213107828233 -0.9528564729525237 -3.624592103374918e-05 0.025449149567459695 -0.4764452738628161 -0.15168306632799353 -0.8660207845730922 -0.030415410051871296 0.8251880447217491 0.2627863976545816 -0.5000078402877556 -0.38084764150368927 0.0 0.0 0.0 1.0]
Frame:2, T_inverse:[0.350210327441925 -0.9366709855756264 -0.00039548958705472895 0.026941727321471133 -0.46845529423831084 -0.17478429501487205 -0.8660254481913647 -0.029827475584193096 0.8111117899697378 0.30347632588102413 -0.499999772363801 -0.38188273957716046 0.0 0.0 0.0 1.0]
Frame:3, T_inverse:[0.3986857069753202 -0.9170873024759146 -0.0007609699191227537 0.027489740113572303 -0.45878230103205997 -0.1987279558259696 -0.8660404041591286 -0.029124337769215428 0.7940833993779827 0.3456270329266237 -0.4999734232857953 -0.3831205240080402 0.0 0.0 0.0 1.0]
Frame:4, T_inverse:[0.44614940130221215 -0.8949576820424817 -0.001140344824390415 0.027931277256417517 -0.44785719609496005 -0.22215959289096046 -0.8660650797334907 -0.02840782788672605 0.7748383264944388 0.38690505409192116 -0.49992957389101755 -0.3843826218627126 0.0 0.0 0.0 1.0]
Frame:5, T_inverse:[0.49236597080020367 -0.8703868758926948 -0.0015281817127465003 0.028302347429222493 -0.4357318631463952 -0.24496678879675085 -0.8660997714480476 -0.02768142211872661 0.7534675689371267 0.4271038861156778 -0.4998686002562293 -0.3856630537909721 0.0 0.0 0.0 1.0]
Frame:6, T_inverse:[0.5372474068005338 -0.8434225094058464 -0.0019021898427127502 0.028592662022945862 -0.42242145087539523 -0.2671226096539504 -0.8661440942861682 -0.026945919183400814 0.730017338406442 0.46613719322248104 -0.49979071769495087 -0.3869588184036353 0.0 0.0 0.0 1.0]
Frame:7, T_inverse:[0.5806463986146927 -0.8141527071222602 -0.0022632762695802915 0.02881012230935694 -0.40796879403958297 -0.28855170621486054 -0.8661982192051467 -0.02620406007064766 0.704564558948397 0.5038782236587231 -0.49969540040669913 -0.3882656697520814 0.0 0.0 0.0 1.0]
Frame:8, T_inverse:[0.6224644150110309 -0.7826436818973125 -0.0026309408333269027 0.02894157220114285 -0.39241778974636543 -0.3091918140864354 -0.8662613042065679 -0.02545746976514623 0.6771604777651434 0.5402492844281525 -0.4995841864219067 -0.3895810592351639 0.0 0.0 0.0 1.0]
Frame:9, T_inverse:[0.6625718266675793 -0.7489924551514346 -0.0029851810431208597 0.02899679049758469 -0.37580597119175 -0.3289916283351411 -0.866333823917414 -0.02470843236905149 0.6478953783702194 0.5751302122503421 -0.4994563970068783 -0.39090057604300243 0.0 0.0 0.0 1.0]
Frame:10, T_inverse:[0.7008625163267652 -0.7132885134012564 -0.0033335300563154657 0.028972236315118464 -0.35818199442235454 -0.3478926589486143 -0.8664154155306926 -0.023959206543884882 0.6168445737573665 0.6084320066040585 -0.499311975733996 -0.3922206975730747 0.0 0.0 0.0 1.0]
Frame:11, T_inverse:[0.7372309803833077 -0.6756308885240129 -0.003662764198093841 0.028871025058310105 -0.33958757118689525 -0.3658516496251912 -0.8665061401738838 -0.023211179252508984 0.584098247291647 0.640058954054915 -0.49915300380348987 -0.39353813719340874 0.0 0.0 0.0 1.0]
Frame:12, T_inverse:[0.7715836905542107 -0.6361152534527236 -0.00400051023647571 0.028684040771194092 -0.3200879096805392 -0.38280444447329914 -0.8666051108401633 -0.022467194165536726 0.5497293195171812 0.6699388741515141 -0.49897848327886574 -0.39484943191949706 0.0 0.0 0.0 1.0]
Frame:13, T_inverse:[0.8038122004905978 -0.594867556746754 -0.004302775653945569 0.028428681817267692 -0.29971699858134854 -0.39872217168077806 -0.8667123385982841 -0.021728703374572875 0.51386342419544 0.6979635320513327 -0.49878966748069603 -0.39614933921707673 0.0 0.0 0.0 1.0]
Frame:14, T_inverse:[0.8338502100293049 -0.5519714702519714 -0.0046148862664886405 0.028083399948923282 -0.2785468569307734 -0.4135465099907633 -0.8668277543852416 -0.02099849001231157 0.476555797477884 0.7240899340204385 -0.49858575377093284 -0.39743645039139675 0.0 0.0 0.0 1.0]
Frame:15, T_inverse:[0.861589430713418 -0.5075821495141556 -0.004906696931239686 0.02767072154560333 -0.256634394636038 -0.4272404007405425 -0.8669511287455249 -0.020278092568457782 0.4379525759292451 0.7482151432975557 -0.4983688151618763 -0.3987059320908135 0.0 0.0 0.0 1.0]
Frame:16, T_inverse:[0.8869708890073277 -0.4617962819432283 -0.005182562812589706 0.027180541958749162 -0.2340311073706574 -0.439771989113862 -0.8670813107636185 -0.019568842798327536 0.39813576049267113 0.770288782629342 -0.4981396536604424 -0.3999548476115194 0.0 0.0 0.0 1.0]
Frame:17, T_inverse:[0.909922661722931 -0.41474215197215 -0.005448192574391304 0.026614049586621575 -0.21080452193792923 -0.45110161268009846 -0.8672184979584527 -0.01887359399334978 0.3572144802071742 0.7902502495168265 -0.4978970707610256 -0.4011797195648006 0.0 0.0 0.0 1.0]
Frame:18, T_inverse:[0.9303801797454775 -0.3665517083402828 -0.005702415402292564 0.025974026819835672 -0.1870200984454059 -0.46119984180562984 -0.8673623866634447 -0.01819370567630635 0.3153033044731981 0.8080431909326141 -0.4976437231015302 -0.4023773980957624 0.0 0.0 0.0 1.0]
Frame:19, T_inverse:[0.948287057683767 -0.31735866225544024 -0.005930252333216125 0.025265899907401253 -0.16273161337679087 -0.4700412618880622 -0.8675133645793468 -0.017531615720552327 0.2725254555080055 0.8236167345769012 -0.4973783338922021 -0.4035442343813792 0.0 0.0 0.0 1.0]
Frame:20, T_inverse:[0.9635968394887395 -0.26728882662557807 -0.006147989067778628 0.02448472302653012 -0.1380158178650755 -0.4775996637093787 -0.8676688348617612 -0.016888100163282706 0.22898197827868144 0.8369314621940976 -0.49710360179132423 -0.4046773107530454 0.0 0.0 0.0 1.0]
Frame:21, T_inverse:[0.9762628421039796 -0.2164961058923681 -0.006350217655576233 0.0236395719413723 -0.11294405236879285 -0.48385226748304644 -0.8678308600114341 -0.01626619475439189 0.18480945482819533 0.8479482093127111 -0.49681892718860465 -0.4057734061773966 0.0 0.0 0.0 1.0]
Frame:22, T_inverse:[0.9862526959791554 -0.16511533192419234 -0.006524389544733523 0.022733784281683576 -0.08757310855929662 -0.48878562714379237 -0.8679970573957856 -0.01566652585222946 0.14013062860948997 0.8566358103966739 -0.49652579850125256 -0.4068292322227386 0.0 0.0 0.0 1.0]
Frame:23, T_inverse:[0.9935420120252461 -0.11326747057723442 -0.006693579340952598 0.021757759559016484 -0.061982543299476826 -0.49238393974903877 -0.8681681018697132 -0.01509165488503969 0.09503940316201515 0.8629763272759043 -0.4962247302615737 -0.4078421053635315 0.0 0.0 0.0 1.0]
Frame:24, T_inverse:[0.9981078273383038 -0.06110588688818544 -0.006846208498245878 0.02072058103271655 -0.036238735665331555 -0.4946378239082423 -0.8683428956666235 -0.014542684287548614 0.04967447973671875 0.8669479369992417 -0.4959162658247892 -0.4088094016288396 0.0 0.0 0.0 1.0]
Frame:25, T_inverse:[0.9999369478539333 -0.008802936470222972 -0.006968399719066969 0.019638137896447607 -0.010415081444305571 -0.49554112370490777 -0.8685219987749512 -0.014021369324689987 0.004192415343475354 0.8685398489975075 -0.49560158613752797 -0.409727988278626 0.0 0.0 0.0 1.0]
Frame:26, T_inverse:[0.9990261110833152 0.04355203461919182 -0.00707815767520655 0.01849080454334686 0.015428495220335976 -0.4950924217575504 -0.8687032036160016 -0.01352821639102209 -0.04133813902302509 0.8677479317609255 -0.4952821997212515 -0.4105961368060257 0.0 0.0 0.0 1.0]
Frame:27, T_inverse:[0.9953765347336292 0.09578116230437436 -0.007174335980146754 0.017293736001339145 0.04120482879453185 -0.49329130689707057 -0.8688876862287889 -0.013065980856457262 -0.08676210881772457 0.8645748255788249 -0.49495724546172454 -0.411411091318899 0.0 0.0 0.0 1.0]
Frame:28, T_inverse:[0.9890015254887857 0.14772809309442797 -0.0072351963898885634 0.016059753513938863 0.0668553551566354 -0.4901435915686178 -0.8690740476080119 -0.012634928357265736 -0.1319329297514431 0.8590318784590083 -0.494629172173657 -0.4121703705423928 0.0 0.0 0.0 1.0]
Frame:29, T_inverse:[0.9799130173086571 0.19929200419779233 -0.007289363511949192 0.014771109717050292 0.09230545960949936 -0.48565762949276786 -0.8692619203451396 -0.012236600122208948 -0.1767770853987578 0.8511281987024539 -0.494297988107221 -0.41287243022014 0.0 0.0 0.0 1.0]
Frame:30, T_inverse:[0.968140625253117 0.2503002141256965 -0.007314444186518407 0.01344738161178878 0.11748891282607979 -0.47984517367859647 -0.8694509284126785 -0.011871890171380876 -0.22113354881463365 0.8408914658943801 -0.4939651043210489 -0.4135149245557818 0.0 0.0 0.0 1.0]
Frame:31, T_inverse:[0.9537145517858013 0.3006240692025982 -0.007333536057895966 0.01208323459590365 0.14232293899972498 -0.4727265483794813 -0.8696399829782618 -0.011541790666345857 -0.2649014676287579 0.8283445224003072 -0.49363188360203664 -0.41409638910670726 0.0 0.0 0.0 1.0]
Frame:32, T_inverse:[0.9366708134691174 0.35013445443652075 -0.0073235281966966825 0.01068410813160162 0.16676294956199786 -0.46431370594866617 -0.8698292441987265 -0.011247191038732611 -0.3079575959868324 0.8135224218465738 -0.49329856589239973 -0.41461518112041323 0.0 0.0 0.0 1.0]
Frame:33, T_inverse:[0.9170647751232385 0.3986716173195484 -0.00728847742476898 0.009261889789108472 0.19072659084924562 -0.45463376502154335 -0.8700176483181407 -0.010989421891140877 -0.35016502656318704 0.7964724103389412 -0.4929658506710406 -0.415068919982003 0.0 0.0 0.0 1.0]
Frame:34, T_inverse:[0.8949443096833805 0.44611914399570474 -0.007238637011079428 0.007812186436973805 0.2141476148413491 -0.44371398439049614 -0.8702061617079208 -0.010769245801685067 -0.39142750550123223 0.777235927028785 -0.4926346315690401 -0.41545754340924734 0.0 0.0 0.0 1.0]
Frame:35, T_inverse:[0.8703646765146669 0.4923555251825456 -0.0071666754721972405 0.006336649582955901 0.23697307230242823 -0.43157994221726675 -0.8703920921996084 -0.010586157777765956 -0.43163535777357137 0.7558602109488293 -0.4923069232665438 -0.41577961725669454 0.0 0.0 0.0 1.0]
Frame:36, T_inverse:[0.8434079054165599 0.5372271925390577 -0.007072303355439229 0.004850538797971728 0.25912636549213053 -0.418270383542019 -0.8705765413942183 -0.010441764219995694 -0.47065552533876925 0.7324184866189587 -0.491982290816129 -0.416034313169426 0.0 0.0 0.0 1.0]
Frame:37, T_inverse:[0.814134617371435 0.5806343733901167 -0.00696714809465666 0.003345948873664983 0.28055040083526345 -0.403821158886247 -0.8707581917312083 -0.010336023316809141 -0.5084056367873356 0.7069597341845226 -0.4916619821204225 -0.4162208154629577 0.0 0.0 0.0 1.0]
Frame:38, T_inverse:[0.7826326577765292 0.6224461386623801 -0.00684633179198516 0.001833240609335685 0.30118483601749374 -0.38827411498418896 -0.8709366652702796 -0.010269084784119125 -0.5447694464593039 0.6795614254743388 -0.4913473222759322 -0.4163388428752991 0.0 0.0 0.0 1.0]
Frame:39, T_inverse:[0.7489906778629742 0.662546781021355 -0.00669088833481874 0.0003214206002691946 0.320985483787401 -0.3716621685266093 -0.8711115687824239 -0.010241116671632392 -0.5796389492791506 0.6503067289738073 -0.4910393483842771 -0.4163879202060257 0.0 0.0 0.0 1.0]
Frame:40, T_inverse:[0.7132830653578408 0.70084565800673 -0.006529483008165405 -0.001200818019648538 0.3398885215416614 -0.3540376579139444 -0.871282476543073 -0.010252359408493963 -0.6129462248815791 0.6192517323412627 -0.4907384514876714 -0.4163680212529617 0.0 0.0 0.0 1.0]
Frame:41, T_inverse:[0.6756206237465513 0.7372221701432756 -0.00634607671382716 -0.0027184073474849873 0.35784508489565336 -0.3354453202046694 -0.8714488664251157 -0.010302886376168057 -0.6445802117247434 0.586497890608539 -0.49044508872865994 -0.41627900129663803 0.0 0.0 0.0 1.0]
Frame:42, T_inverse:[0.6361146027667972 0.7715701299826354 -0.0061468405552232526 -0.004224829376390563 0.3747993285538332 -0.3159440544709818 -0.8716105060471419 -0.010392483593649172 -0.6744506732237003 0.552140347610254 -0.4901605761342517 -0.4161213528949706 0.0 0.0 0.0 1.0]
Frame:43, T_inverse:[0.5948730012383019 0.8037978244670346 -0.00593178342235386 -0.005716495826399716 0.39070700299663863 -0.29558694826925275 -0.8717662288581758 -0.010520874019272415 -0.7024771999469496 0.5162725860439071 -0.4898861264947787 -0.41589472818414625 0.0 0.0 0.0 1.0]
Frame:44, T_inverse:[0.5519811360887071 0.8338371245005214 -0.005696007602818665 -0.007200274211588467 0.40553637849880764 -0.2744119287760721 -0.8719163860148952 -0.010687895742831776 -0.728599320194322 0.4789714794291182 -0.4896214824755835 -0.41560043059907986 0.0 0.0 0.0 1.0]
Frame:45, T_inverse:[0.5075988348295908 0.8615762759981224 -0.005446509186830061 -0.00865521260689703 0.4192292398018748 -0.25250217679718634 -0.8720604146442044 -0.01089296334489942 -0.7527218582684584 0.44037349585367513 -0.4893677649736541 -0.4152393365116854 0.0 0.0 0.0 1.0]
Frame:46, T_inverse:[0.46180511057972057 0.8869662519594582 -0.0051806737249256215 -0.010094369446275111 0.4317630167828397 -0.2298947086290299 -0.8721977588395575 -0.01113543976467044 -0.7748009966219206 0.4005485249027992 -0.4891257669097852 -0.414812176734388 0.0 0.0 0.0 1.0]
Frame:47, T_inverse:[0.41475436805630306 0.9099202067575696 -0.004902941925929118 -0.011503015157064683 0.44309301399273676 -0.2066683522868611 -0.8723283073067041 -0.011414802693932132 -0.7947624716132535 0.3596295028659113 -0.48889588335675244 -0.4143202774404373 0.0 0.0 0.0 1.0]
Frame:48, T_inverse:[0.3665602358543159 0.9303828383739889 -0.004617354249762963 -0.012883826461623544 0.45319232562617867 -0.18288239277675894 -0.8724509789593734 -0.011729676664223952 -0.8125578471690202 0.3177132398964346 -0.4886797692199323 -0.41376486985149297 0.0 0.0 0.0 1.0]
Frame:49, T_inverse:[0.3173573932013998 0.9482961856214598 -0.004304942726003595 -0.014227650765823462 0.462036745053735 -0.15858657162535209 -0.8725664505675562 -0.012080326861416022 -0.8281342118997944 0.27492632764239555 -0.4884763020817401 -0.41314764320901465 0.0 0.0 0.0 1.0]
Frame:50, T_inverse:[0.26730335151610535 0.96360415378632 -0.003993447501671601 -0.015528378057884039 0.4695919851003927 -0.1338812342594925 -0.8726736222617051 -0.012464619689492877 -0.8414465823059527 0.23139331039035455 -0.48828767694990666 -0.4124703811663377 0.0 0.0 0.0 1.0]
Frame:51, T_inverse:[0.21650643824823146 0.9762743032258115 -0.003652305622297063 -0.016786396486370522 0.4758487584228185 -0.10879302942369472 -0.8727725167053518 -0.012882507559016574 -0.8524627813140592 0.18722288113243357 -0.4881132630725683 -0.4117346828766639 0.0 0.0 0.0 1.0]
Frame:52, T_inverse:[0.16512070779451593 0.9862678158067427 -0.003318433643589047 -0.018000416325088916 0.48078056362618776 -0.08342907034538503 -0.8728629382968307 -0.013332016573216242 -0.8611534694870466 0.14253232799353582 -0.4879542671010727 -0.41094282124514986 0.0 0.0 0.0 1.0]
Frame:53, T_inverse:[0.11325931036181844 0.9935610128588496 -0.002980686167855479 -0.019174357369756284 0.48437914406517524 -0.05783483119663666 -0.8729444629490974 -0.013812734968297328 -0.8674959649296649 0.0974253094887869 -0.48781055634811415 -0.4100956592242768 0.0 0.0 0.0 1.0]
Frame:54, T_inverse:[0.06111311408354636 0.998127393665926 -0.0026237240617677363 -0.020284389639791043 0.4866336320057282 -0.03209037651471875 -0.8730165890495338 -0.014322594647196244 -0.8714659705691645 0.052075991242647945 -0.48768352745075055 -0.409197136795669 0.0 0.0 0.0 1.0]
Frame:55, T_inverse:[0.008799675726911644 0.9999587081491826 -0.002258930601231246 -0.021338651994654994 0.4875369091294653 -0.006262602613384121 -0.8730798631615253 -0.014860826190837659 -0.8730579690665755 0.006581478564291478 -0.4875718688246305 -0.4082493353670472 0.0 0.0 0.0 1.0]
Frame:56, T_inverse:[-0.04355335393578636 0.9990493100338353 -0.0018933757727651933 -0.02234101979078006 0.4870878942274376 0.019579772903108392 -0.8731334236886814 -0.01542540161425785 -0.8722663061334673 -0.038950141179072896 -0.48747755724077513 -0.4072543337414282 0.0 0.0 0.0 1.0]
Frame:57, T_inverse:[-0.0957740106048867 0.995401977926649 -0.0015168321133473442 -0.023276273639343564 0.4852866200487622 0.045361951225342645 -0.8731776456282933 -0.01601516547273716 -0.8690939533443525 -0.08436382425393059 -0.48739973262643854 -0.40621559170072036 0.0 0.0 0.0 1.0]
Frame:58, T_inverse:[-0.14773390253319987 0.9890263939409206 -0.0011492336348548704 -0.02415123128049939 0.4821401432957384 0.07100417374188897 -0.8732120078337483 -0.01662801415197485 -0.8635481941036645 -0.12955716090849212 -0.48733904179653115 -0.40513542417114035 0.0 0.0 0.0 1.0]
Frame:59, T_inverse:[-0.19929488288442723 0.9799392444208561 -0.000762759033078845 -0.02495878042979082 0.47765282543671317 0.09646283880469884 -0.8732369135164778 -0.01726313727960232 -0.8556455050837461 -0.17439599856585622 -0.48729530775748126 -0.4040171373449883 0.0 0.0 0.0 1.0]
Frame:60, T_inverse:[-0.2503225248826766 0.9681623592844666 -0.0003798593389377663 -0.025703625923141928 0.4718391913103841 0.12165349122856188 -0.8732514627704786 -0.017918000173721912 -0.8454030356373433 -0.21877378124902638 -0.4872695452910011 -0.4028631985619752 0.0 0.0 0.0 1.0]
Frame:61, T_inverse:[-0.30062996927529867 0.9537408766631825 8.167594978767651e-06 -0.02636438832666103 0.4647183031092645 0.14649197176090864 -0.8732565293196135 -0.01859091312703314 -0.8328616223615685 -0.2625233007473678 -0.48726069916939485 -0.4016781837581809 0.0 0.0 0.0 1.0]
Frame:62, T_inverse:[-0.35014484372480936 0.9366954186400364 0.00037584036503974296 -0.0269685437087368 0.45630841190060306 0.17092251644392556 -0.8732513740178697 -0.019280025436973172 -0.8180348621208117 -0.3055930486384917 -0.4872695912903278 -0.40046328648255 0.0 0.0 0.0 1.0]
Frame:63, T_inverse:[-0.39868659704724047 0.9170866086167058 0.0007662833545617209 -0.0274889090183157 0.44662606333895444 0.19489243662788153 -0.8732363812327141 -0.019984305514956478 -0.80098290978194 -0.34780564154122345 -0.48729565923976476 -0.39922295224697196 0.0 0.0 0.0 1.0]
Frame:64, T_inverse:[-0.44614183824162357 0.8949614857776935 0.0011520758142162639 -0.027937032337022164 0.4357016598468429 0.21832312731004383 -0.8732118884687453 -0.020701280918475923 -0.7817425682670661 -0.38907442561834754 -0.4873392470349225 -0.39796055787498075 0.0 0.0 0.0 1.0]
Frame:65, T_inverse:[-0.4923585528080354 0.8703910786059458 0.001531379645514599 -0.02830375021166746 0.4235714749740786 0.241140136295926 -0.8731772914355175 -0.02142833910262804 -0.7603750168168253 -0.42926770427801847 -0.48740024386066566 -0.3966797770287915 0.0 0.0 0.0 1.0]
Frame:66, T_inverse:[-0.5372476695937002 0.8434223245760762 0.0018951794461513425 -0.028603504212379303 0.4102622890622881 0.2632930627664436 -0.8731331925421839 -0.022164106418616547 -0.7369190499033419 -0.4683113040929217 -0.487477966898129 -0.39538321854863145 0.0 0.0 0.0 1.0]
Frame:67, T_inverse:[-0.5806458293274599 0.8141526731192505 0.0022703609150980454 -0.02881441449232042 0.395810237077515 0.28472306207182346 -0.8730788699002452 -0.022906192193707157 -0.7114660355440626 -0.5060512556028083 -0.48757301567411343 -0.39407579485967936 0.0 0.0 0.0 1.0]
Frame:68, T_inverse:[-0.6224583141822702 0.7826485658093242 0.0026343761894820537 -0.028949554291138966 0.3802570077044753 0.30536564322104975 -0.8730157164463366 -0.02365298051166387 -0.6840689051888376 -0.5424141383475447 -0.4876849785164775 -0.392760416358619 0.0 0.0 0.0 1.0]
Frame:69, T_inverse:[-0.6625693834264214 0.7489940520373123 0.002986903518573172 -0.029008512623895248 0.36364439645048185 0.32516588171493993 -0.8729430552971559 -0.02440231736414951 -0.6548005435406581 -0.5772995203253767 -0.48781221413051745 -0.3914401659385883 0.0 0.0 0.0 1.0]
Frame:70, T_inverse:[-0.7008637089235626 0.7132874108283175 0.0033350143801634587 -0.028986787714329002 0.34601682164363223 0.3440712023718913 -0.8728615773914219 -0.02515213294326215 -0.6237486949405004 -0.6106030634949622 -0.48795644956331174 -0.3901195474629886 0.0 0.0 0.0 1.0]
Frame:71, T_inverse:[-0.7372302648845428 0.6756314449418056 0.0036709489842278267 -0.02888332874109409 0.327428946776984 0.3620235366533423 -0.8727709636521783 -0.02589984755665869 -0.5910004941535717 -0.6422313126041834 -0.48811595495747406 -0.38880196108245885 0.0 0.0 0.0 1.0]
Frame:72, T_inverse:[-0.7715748837297134 0.636125829706363 0.004004610835074775 -0.02869821772757491 0.3079227188229641 0.37898189702735824 -0.8726719411987557 -0.02664423195325254 -0.5566468382068991 -0.6720986764581833 -0.48829048389374835 -0.38749097562284557 0.0 0.0 0.0 1.0]
Frame:73, T_inverse:[-0.8038136395180888 0.5948656479702649 0.004308237386514151 -0.028443106821553345 0.28756324803099104 0.39488993426707303 -0.872564790587793 -0.027383045174248867 -0.5207601097682605 -0.7001405941237064 -0.4884794228812908 -0.3861890662154406 0.0 0.0 0.0 1.0]
Frame:74, T_inverse:[-0.8338467325729313 0.5519767764264918 0.004612151692983616 -0.028106192858533757 0.26639187942732795 0.4097163292043828 -0.8724493365287954 -0.028114116834171376 -0.48346143148592075 -0.726260414629772 -0.4886827220122682 -0.38490093720402413 0.0 0.0 0.0 1.0]
Frame:75, T_inverse:[-0.8615896837806559 0.5075815067392392 0.004898357698336653 -0.027690972779820047 0.24448062944166407 0.42340982600701416 -0.8723263874037812 -0.028835311409938176 -0.4448507861215848 -0.7503899615379664 -0.4888993636150407 -0.38363023158527404 0.0 0.0 0.0 1.0]
Frame:76, T_inverse:[-0.8869664379339798 0.4618044439647867 0.00518260808632647 -0.02719405585401909 0.2218785840413736 0.4359403030511799 -0.8721959830110846 -0.02954482195745772 -0.40504332367449547 -0.7724588126053054 -0.4891288911993012 -0.38238068223032073 0.0 0.0 0.0 1.0]
Frame:77, T_inverse:[-0.9099231512289273 0.41474093718845545 0.00544491022522035 -0.02663171177375797 0.19864754595683673 0.44727274857814575 -0.8720585832553812 -0.030240793395781982 -0.3641137636188508 -0.7924247286946917 -0.48937101812112554 -0.381154584625061 0.0 0.0 0.0 1.0]
Frame:78, T_inverse:[-0.930386032362079 0.3665368771253024 0.005697207310607643 -0.025996372385836804 0.17484965684543619 0.4573760324553183 -0.871914413103691 -0.030921185822359774 -0.3221945549630297 -0.8102208856798 -0.4896251061941671 -0.37995601411495367 0.0 0.0 0.0 1.0]
Frame:79, T_inverse:[-0.9482863306351135 0.3173606506339302 0.005929406391210645 -0.025279732891750114 0.15057528102828185 0.46621258670657867 -0.8717642078012674 -0.03158372383923292 -0.2794280555066184 -0.8257892873274723 -0.4898896446219186 -0.37878889018644224 0.0 0.0 0.0 1.0]
Frame:80, T_inverse:[-0.9635962949515473 0.2672903600436129 0.006154289685398735 -0.024500004404559773 0.12585221363916824 0.47377270585393355 -0.8716080349875541 -0.03222741361180674 -0.2358881763070336 -0.8391038510020413 -0.4901646848127007 -0.3776553670368644 0.0 0.0 0.0 1.0]
Frame:81, T_inverse:[-0.9762604697374935 0.21650644564603028 0.00635922366321163 -0.023647407692707973 0.10077925884878494 0.480025139848588 -0.8714467324356682 -0.03284983417346498 -0.19172642045845772 -0.8501180840763857 -0.49044891452309747 -0.3765592810978652 0.0 0.0 0.0 1.0]
Frame:82, T_inverse:[-0.9862538253927501 0.16510805496014838 0.006533780587837104 -0.022739731236988716 0.07541429137766827 0.48495751883259447 -0.8712800025845686 -0.033449204226276764 -0.1470239582181954 -0.8588105444238803 -0.4907426709301203 -0.37550273682622826 0.0 0.0 0.0 1.0]
Frame:83, T_inverse:[-0.9935416501326783 0.11327009548468392 0.006702773376114485 -0.021762952898111875 0.049821703331061944 0.4885559478886599 -0.8711090157138714 -0.03402469707282426 -0.10194527296436193 -0.8651490989728094 -0.49104405230628845 -0.374489014738384 0.0 0.0 0.0 1.0]
Frame:84, T_inverse:[-0.9981074331005332 0.061108953362276286 0.006856317095896161 -0.0207298259659154 0.024067074770828274 0.4908107190811511 -0.8709337206974529 -0.03457425118668037 -0.05658700543121474 -0.8691205374593354 -0.49135249480785087 -0.3735208568400363 0.0 0.0 0.0 1.0]
Frame:85, T_inverse:[-0.9999369929376271 0.008788244040830223 0.006975152709309937 -0.01964082242137971 -0.001752462132303322 0.49171359165129486 -0.8707552286260215 -0.03509609162966051 -0.011082186452170337 -0.8707126143840119 -0.49166717071957894 -0.37260116100940066 0.0 0.0 0.0 1.0]
Frame:86, T_inverse:[-0.9990257242282773 -0.04355723253139242 0.007086102318982436 -0.018495764336113822 -0.027593941077896877 0.4912636828061377 -0.8705736563517987 -0.035589273884327935 0.034438635039807805 -0.8699211136035954 -0.49198694720716885 -0.37173253594112576 0.0 0.0 0.0 1.0]
Frame:87, T_inverse:[-0.9953748016262832 -0.0957982939255678 0.0071690657540156326 -0.017306422880589617 -0.053376406477077296 0.48946239016639786 -0.870389232988068 -0.03605191953706454 0.07987282765796545 -0.8667463374263303 -0.4923118245700109 -0.3709169744889908 0.0 0.0 0.0 1.0]
Frame:88, T_inverse:[-0.9890003253202182 -0.14773611002271936 0.007234857852698733 -0.016056637148059796 -0.07901133742166914 0.48631608529050263 -0.8702033277804505 -0.03648308226243578 0.12504203356351143 -0.8612030404024085 -0.4926395850086668 -0.3701576465104224 0.0 0.0 0.0 1.0]
Frame:89, T_inverse:[-0.979908589741955 -0.1993141616206088 0.007286017128336329 -0.014775359006474892 -0.10447318646378081 0.48182837399294653 -0.8700153621232753 -0.03688166203815776 0.16989576416960578 -0.8532967084964219 -0.4929707757999451 -0.3694553957054139 0.0 0.0 0.0 1.0]
Frame:90, T_inverse:[-0.9681368884856202 -0.25031469901372794 0.007322467026831757 -0.013443044029020162 -0.1296544001838278 0.47601649156957315 -0.8698264456678388 -0.03724620697692403 0.21424473369264133 -0.8430604461446667 -0.49330352454077026 -0.3688131836824622 0.0 0.0 0.0 1.0]
Frame:91, T_inverse:[-0.9537068546760631 -0.30064849517148007 0.007333025615448663 -0.012081175643818774 -0.15450140455710737 0.46889298549595876 -0.8696371061258317 -0.037576118167337885 0.25801666429837394 -0.8305117773000277 -0.49363709104529285 -0.36823199376543286 0.0 0.0 0.0 1.0]
Frame:92, T_inverse:[-0.9366612371747036 -0.3501598755949073 0.007312993341004822 -0.010689018395211887 -0.1789338042615109 0.46048149481777484 -0.869447785388766 -0.037870218117011495 0.3010782503894976 -0.8156866923488557 -0.49397050264704995 -0.36771363017378694 0.0 0.0 0.0 1.0]
Frame:93, T_inverse:[-0.91705912897428 -0.39868441506686364 0.007283896653541191 -0.009256485363770132 -0.20288815201507981 0.4508049157052822 -0.8692589946698949 -0.03812799271326935 0.3432764346601367 -0.7986398361800867 -0.49430300588916715 -0.3672595450997428 0.0 0.0 0.0 1.0]
Frame:94, T_inverse:[-0.8949341311337725 -0.44613927414504356 0.007230981796458014 -0.007806908500734778 -0.226311514515786 0.4398844161517509 -0.8690711865455035 -0.03834861006866294 0.3845460265449691 -0.7793980381213171 -0.4946339691351892 -0.36687076382868233 0.0 0.0 0.0 1.0]
Frame:95, T_inverse:[-0.870361461210865 -0.492360302719809 0.007165987556451032 -0.006330562122818072 -0.24913167935975444 0.42775254808137103 -0.8688848758801073 -0.038531430627259285 0.42473925566584164 -0.7580295828457049 -0.49496164583839497 -0.3665487522843892 0.0 0.0 0.0 1.0]
Frame:96, T_inverse:[-0.8433998430478986 -0.5372396514721219 0.007079387716993662 -0.004839665450344936 -0.2712880702018794 0.4144416663882868 -0.8687006525104429 -0.0386757985224397 0.463766442236987 -0.7345826417233616 -0.49528670922236906 -0.3662944315476622 0.0 0.0 0.0 1.0]
Frame:97, T_inverse:[-0.8141311320912723 -0.5806392260526753 0.006969366051133592 -0.003334039952468588 -0.29271081641163366 0.3999935820272092 -0.8685191787755709 -0.038781407782326964 0.5015085993400644 -0.709128486059951 -0.49560661244934223 -0.3661083592602698 0.0 0.0 0.0 1.0]
Frame:98, T_inverse:[-0.7826219515934401 -0.6224597223289716 0.006838901333635211 -0.0018241899018357171 -0.3133530948961883 0.3844401490918252 -0.8683407126976871 -0.03884819640982936 0.5378780261372035 -0.6817254649285848 -0.4959209786340586 -0.36599093383487136 0.0 0.0 0.0 1.0]
Frame:99, T_inverse:[-0.748975381452887 -0.662563931287848 0.006695312393908304 -0.0003042664784719586 -0.3331520614425498 0.36782873520811676 -0.8681657236968873 -0.03887564350949152 0.5727525830044549 -0.6524653513724825 -0.4962292155955026 -0.36594254945788895 0.0 0.0 0.0 1.0]
Frame:100, T_inverse:[-0.713277616951044 -0.7008511558146909 0.006537227602765735 0.0012178396196972276 -0.3520564071817058 0.35020224765345964 -0.867994650230755 -0.038863699151666285 0.6060456912534523 -0.6214226104880648 -0.4965305723439503 -0.36596346271783453 0.0 0.0 0.0 1.0]
Frame:101, T_inverse:[-0.675615582326424 -0.7372261428300371 0.0063496332964382615 0.00273026528059101 -0.3700094724061635 0.331613374689454 -0.86782786131314 -0.03881243770904878 0.6376799430034409 -0.5886678359198394 -0.4968235924412927 -0.3660533671661858 0.0 0.0 0.0 1.0]
Frame:102, T_inverse:[-0.6361122935947131 -0.771571791703881 0.006150949757695549 0.004240694189350414 -0.38696431368383094 0.3121107940727537 -0.8676666043329038 -0.03872229021733351 0.667547347779618 -0.5543137406843008 -0.4971081997844323 -0.3662123203188327 0.0 0.0 0.0 1.0]
Frame:103, T_inverse:[-0.5948612396060028 -0.8038064112854859 0.005926990126574249 0.005735856259622647 -0.40287257256484077 0.29175141658668635 -0.8675106205941041 -0.03859359179142136 0.6955814439424087 -0.5184363535983607 -0.4973830634894055 -0.366439171506481 0.0 0.0 0.0 1.0]
Frame:104, T_inverse:[-0.5519724429426457 -0.8338428638239513 0.005702823826583099 0.007216378892569605 -0.4177040085538172 0.27057216939855544 -0.8673603914063748 -0.03842621398391848 0.721699282992504 -0.4811410985042496 -0.49764787437613217 -0.3667339031381517 0.0 0.0 0.0 1.0]
Frame:105, T_inverse:[-0.5075781840419593 -0.861588569831161 0.005438402539731718 0.008674322423148048 -0.43139272821909613 0.24866770054711718 -0.8672166334075 -0.03822110942566077 0.7458316013458238 -0.4425263167921848 -0.49790131661516324 -0.3670957002308832 0.0 0.0 0.0 1.0]
Frame:106, T_inverse:[-0.46178535901002493 -0.8869765757510155 0.005176247817146809 0.010109662757011504 -0.44392587570508635 0.22606041465018104 -0.8670792789537091 -0.037978259559903756 0.7679088608548924 -0.40270239799553464 -0.49814321370391446 -0.3675235365647136 0.0 0.0 0.0 1.0]
Frame:107, T_inverse:[-0.41473490516248046 -0.9099289759842314 0.004902599560915595 0.011520557207027856 -0.45525764789671935 0.2028301503350726 -0.866948869103218 -0.037698463125215576 0.7878675378292298 -0.36178599488790797 -0.49837281783919646 -0.36801614025329854 0.0 0.0 0.0 1.0]
Frame:108, T_inverse:[-0.36655024813827636 -0.9303866968493726 0.004609559368043894 0.012899415542059183 -0.4653554639723512 0.1790444700895741 -0.866825960059005 -0.03738292056546437 0.8056581067993395 -0.3198804481497297 -0.49858927680555476 -0.36857218729170793 0.0 0.0 0.0 1.0]
Frame:109, T_inverse:[-0.3173433584041732 -0.9483006298715605 0.004306327169213784 0.014237772391920448 -0.47419869601420245 0.1547523350976326 -0.8667104439942301 -0.037031774443141215 0.8212358273322939 -0.27708709310746393 -0.4987924037172523 -0.36919041810704023 0.0 0.0 0.0 1.0]
Frame:110, T_inverse:[-0.26729214571846655 -0.9636072672392784 0.003993934750187436 0.015545713263332879 -0.4817550415980641 0.13004075054453465 -0.866603401752548 -0.03664676594891985 0.8345459731978289 -0.23356040066397 -0.4989815192149469 -0.3698686808183798 0.0 0.0 0.0 1.0]
Frame:111, T_inverse:[-0.21648174120923588 -0.9762798866802335 0.003651942602684035 0.01679891388000746 -0.4880073307040919 0.10497013424829045 -0.8665045217672217 -0.03622860636869507 0.8455676052412089 -0.18936457441960636 -0.4991558605309873 -0.3706059195237607 0.0 0.0 0.0 1.0]
Frame:112, T_inverse:[-0.16509071933175928 -0.9862727542812394 0.0033128561552573585 0.018012601935886562 -0.4929399874672659 0.07960232791209937 -0.8664141713427815 -0.03577837983269243 0.854257035582761 -0.1446700354539159 -0.49931484770915663 -0.37139918548613565 0.0 0.0 0.0 1.0]
Frame:113, T_inverse:[-0.1132532459451218 -0.9935616552136732 0.002984574137741611 0.01918306496585593 -0.4965396497647517 0.05399675558571264 -0.8663328719224671 -0.035297557393302315 0.8605939975851099 -0.09959698392700296 -0.4994580708369528 -0.37224580705572335 0.0 0.0 0.0 1.0]
Frame:114, T_inverse:[-0.06109448999122648 -0.9981285061064941 0.002618344353188129 0.020291162996711003 -0.4987927327927909 0.028258301656907236 -0.8662604401458095 -0.03478748491354268 0.8645652908501095 -0.054229810390781605 -0.4995856112390341 -0.37314486128816604 0.0 0.0 0.0 1.0]
Frame:115, T_inverse:[-0.008768706039856834 -0.9999589080252187 0.002255654469266311 0.021346035049799393 -0.49969629052241166 0.0024280657543044024 -0.8661971918584886 -0.034249131155924824 0.8661561754124921 -0.008722639423504777 -0.49969701221692836 -0.3740931412914193 0.0 0.0 0.0 1.0]
Frame:116, T_inverse:[0.04355673025561881 -0.9990491405102301 0.0018929433667163726 0.022351268740277614 -0.4992470389457297 -0.023407308239266816 -0.8661433886615532 -0.03368433790404934 0.8653641548345289 0.036781287006640274 -0.49979182208580575 -0.3750878860154313 0.0 0.0 0.0 1.0]
Frame:117, T_inverse:[0.09579419337972234 -0.9954000466736251 0.001519961348531476 0.023284404347975917 -0.49744526697891134 -0.04919514841253935 -0.8660993647798922 -0.033094353758945504 0.8621900903080931 0.0822112154698366 -0.4998696566467827 -0.3761273207842447 0.0 0.0 0.0 1.0]
Frame:118, T_inverse:[0.1477573627787617 -0.9890229546332657 0.0011371693956591957 0.0241560698419757 -0.49429736816297354 -0.0748424014506421 -0.8660650026460518 -0.03248130154981625 0.8566433159797593 0.12740534167845452 -0.4999299266627238 -0.3772077248223786 0.0 0.0 0.0 1.0]
Frame:119, T_inverse:[0.19931818391415718 -0.979934530324352 0.0007648607578121625 0.024964470589458533 -0.48980944665437137 -0.10030301555282005 -0.8660404365751613 -0.03184607906603227 0.848739690201252 0.17224300262030667 -0.49997344464554777 -0.37832650823752373 0.0 0.0 0.0 1.0]
Frame:120, T_inverse:[0.2502402042757527 -0.9681835351630744 0.00038373163745669876 0.025733411627269 -0.48400833995642095 -0.12544146810743256 -0.8660253590974697 -0.031192120754578664 0.8385197863814196 0.21652849748106878 -0.4999993257086865 -0.37947823918299844 0.0 0.0 0.0 1.0]
Frame:121, T_inverse:[0.3034213107828233 -0.9528564729525237 -3.624592103374918e-05 0.025449149567459695 -0.4764452738628161 -0.15168306632799353 -0.8660207845730922 -0.030415410051871296 0.8251880447217491 0.2627863976545816 -0.5000078402877556 -0.38084764150368927 0.0 0.0 0.0 1.0]
